# Lambda
5.00000000e-02
6.98996656e-02
8.97993311e-02
1.09698997e-01
1.29598662e-01
1.49498328e-01
1.69397993e-01
1.89297659e-01
2.09197324e-01
2.29096990e-01
2.48996656e-01
2.68896321e-01
2.88795987e-01
3.08695652e-01
3.28595318e-01
3.48494983e-01
3.68394649e-01
3.88294314e-01
4.08193980e-01
4.28093645e-01
4.47993311e-01
4.67892977e-01
4.87792642e-01
5.07692308e-01
5.27591973e-01
5.47491639e-01
5.67391304e-01
5.87290970e-01
6.07190635e-01
6.27090301e-01
6.46989967e-01
6.66889632e-01
6.86789298e-01
7.06688963e-01
7.26588629e-01
7.46488294e-01
7.66387960e-01
7.86287625e-01
8.06187291e-01
8.26086957e-01
8.45986622e-01
8.65886288e-01
8.85785953e-01
9.05685619e-01
9.25585284e-01
9.45484950e-01
9.65384615e-01
9.85284281e-01
1.00518395e+00
1.02508361e+00
1.04498328e+00
1.06488294e+00
1.08478261e+00
1.10468227e+00
1.12458194e+00
1.14448161e+00
1.16438127e+00
1.18428094e+00
1.20418060e+00
1.22408027e+00
1.24397993e+00
1.26387960e+00
1.28377926e+00
1.30367893e+00
1.32357860e+00
1.34347826e+00
1.36337793e+00
1.38327759e+00
1.40317726e+00
1.42307692e+00
1.44297659e+00
1.46287625e+00
1.48277592e+00
1.50267559e+00
1.52257525e+00
1.54247492e+00
1.56237458e+00
1.58227425e+00
1.60217391e+00
1.62207358e+00
1.64197324e+00
1.66187291e+00
1.68177258e+00
1.70167224e+00
1.72157191e+00
1.74147157e+00
1.76137124e+00
1.78127090e+00
1.80117057e+00
1.82107023e+00
1.84096990e+00
1.86086957e+00
1.88076923e+00
1.90066890e+00
1.92056856e+00
1.94046823e+00
1.96036789e+00
1.98026756e+00
2.00016722e+00
2.02006689e+00
2.03996656e+00
2.05986622e+00
2.07976589e+00
2.09966555e+00
2.11956522e+00
2.13946488e+00
2.15936455e+00
2.17926421e+00
2.19916388e+00
2.21906355e+00
2.23896321e+00
2.25886288e+00
2.27876254e+00
2.29866221e+00
2.31856187e+00
2.33846154e+00
2.35836120e+00
2.37826087e+00
2.39816054e+00
2.41806020e+00
2.43795987e+00
2.45785953e+00
2.47775920e+00
2.49765886e+00
2.51755853e+00
2.53745819e+00
2.55735786e+00
2.57725753e+00
2.59715719e+00
2.61705686e+00
2.63695652e+00
2.65685619e+00
2.67675585e+00
2.69665552e+00
2.71655518e+00
2.73645485e+00
2.75635452e+00
2.77625418e+00
2.79615385e+00
2.81605351e+00
2.83595318e+00
2.85585284e+00
2.87575251e+00
2.89565217e+00
2.91555184e+00
2.93545151e+00
2.95535117e+00
2.97525084e+00
2.99515050e+00
3.01505017e+00
3.03494983e+00
3.05484950e+00
3.07474916e+00
3.09464883e+00
3.11454849e+00
3.13444816e+00
3.15434783e+00
3.17424749e+00
3.19414716e+00
3.21404682e+00
3.23394649e+00
3.25384615e+00
3.27374582e+00
3.29364548e+00
3.31354515e+00
3.33344482e+00
3.35334448e+00
3.37324415e+00
3.39314381e+00
3.41304348e+00
3.43294314e+00
3.45284281e+00
3.47274247e+00
3.49264214e+00
3.51254181e+00
3.53244147e+00
3.55234114e+00
3.57224080e+00
3.59214047e+00
3.61204013e+00
3.63193980e+00
3.65183946e+00
3.67173913e+00
3.69163880e+00
3.71153846e+00
3.73143813e+00
3.75133779e+00
3.77123746e+00
3.79113712e+00
3.81103679e+00
3.83093645e+00
3.85083612e+00
3.87073579e+00
3.89063545e+00
3.91053512e+00
3.93043478e+00
3.95033445e+00
3.97023411e+00
3.99013378e+00
4.01003344e+00
4.02993311e+00
4.04983278e+00
4.06973244e+00
4.08963211e+00
4.10953177e+00
4.12943144e+00
4.14933110e+00
4.16923077e+00
4.18913043e+00
4.20903010e+00
4.22892977e+00
4.24882943e+00
4.26872910e+00
4.28862876e+00
4.30852843e+00
4.32842809e+00
4.34832776e+00
4.36822742e+00
4.38812709e+00
4.40802676e+00
4.42792642e+00
4.44782609e+00
4.46772575e+00
4.48762542e+00
4.50752508e+00
4.52742475e+00
4.54732441e+00
4.56722408e+00
4.58712375e+00
4.60702341e+00
4.62692308e+00
4.64682274e+00
4.66672241e+00
4.68662207e+00
4.70652174e+00
4.72642140e+00
4.74632107e+00
4.76622074e+00
4.78612040e+00
4.80602007e+00
4.82591973e+00
4.84581940e+00
4.86571906e+00
4.88561873e+00
4.90551839e+00
4.92541806e+00
4.94531773e+00
4.96521739e+00
4.98511706e+00
5.00501672e+00
5.02491639e+00
5.04481605e+00
5.06471572e+00
5.08461538e+00
5.10451505e+00
5.12441472e+00
5.14431438e+00
5.16421405e+00
5.18411371e+00
5.20401338e+00
5.22391304e+00
5.24381271e+00
5.26371237e+00
5.28361204e+00
5.30351171e+00
5.32341137e+00
5.34331104e+00
5.36321070e+00
5.38311037e+00
5.40301003e+00
5.42290970e+00
5.44280936e+00
5.46270903e+00
5.48260870e+00
5.50250836e+00
5.52240803e+00
5.54230769e+00
5.56220736e+00
5.58210702e+00
5.60200669e+00
5.62190635e+00
5.64180602e+00
5.66170569e+00
5.68160535e+00
5.70150502e+00
5.72140468e+00
5.74130435e+00
5.76120401e+00
5.78110368e+00
5.80100334e+00
5.82090301e+00
5.84080268e+00
5.86070234e+00
5.88060201e+00
5.90050167e+00
5.92040134e+00
5.94030100e+00
5.96020067e+00
5.98010033e+00
6.00000000e+00
