# theta
0.00000000e+00
2.10139977e-02
4.20279954e-02
6.30419930e-02
8.40559907e-02
1.05069988e-01
1.26083986e-01
1.47097984e-01
1.68111981e-01
1.89125979e-01
2.10139977e-01
2.31153975e-01
2.52167972e-01
2.73181970e-01
2.94195968e-01
3.15209965e-01
3.36223963e-01
3.57237961e-01
3.78251958e-01
3.99265956e-01
4.20279954e-01
4.41293951e-01
4.62307949e-01
4.83321947e-01
5.04335944e-01
5.25349942e-01
5.46363940e-01
5.67377937e-01
5.88391935e-01
6.09405933e-01
6.30419930e-01
6.51433928e-01
6.72447926e-01
6.93461924e-01
7.14475921e-01
7.35489919e-01
7.56503917e-01
7.77517914e-01
7.98531912e-01
8.19545910e-01
8.40559907e-01
8.61573905e-01
8.82587903e-01
9.03601900e-01
9.24615898e-01
9.45629896e-01
9.66643893e-01
9.87657891e-01
1.00867189e+00
1.02968589e+00
1.05069988e+00
1.07171388e+00
1.09272788e+00
1.11374188e+00
1.13475587e+00
1.15576987e+00
1.17678387e+00
1.19779787e+00
1.21881187e+00
1.23982586e+00
1.26083986e+00
1.28185386e+00
1.30286786e+00
1.32388185e+00
1.34489585e+00
1.36590985e+00
1.38692385e+00
1.40793784e+00
1.42895184e+00
1.44996584e+00
1.47097984e+00
1.49199384e+00
1.51300783e+00
1.53402183e+00
1.55503583e+00
1.57604983e+00
1.59706382e+00
1.61807782e+00
1.63909182e+00
1.66010582e+00
1.68111981e+00
1.70213381e+00
1.72314781e+00
1.74416181e+00
1.76517581e+00
1.78618980e+00
1.80720380e+00
1.82821780e+00
1.84923180e+00
1.87024579e+00
1.89125979e+00
1.91227379e+00
1.93328779e+00
1.95430178e+00
1.97531578e+00
1.99632978e+00
2.01734378e+00
2.03835778e+00
2.05937177e+00
2.08038577e+00
2.10139977e+00
2.12241377e+00
2.14342776e+00
2.16444176e+00
2.18545576e+00
2.20646976e+00
2.22748375e+00
2.24849775e+00
2.26951175e+00
2.29052575e+00
2.31153975e+00
2.33255374e+00
2.35356774e+00
2.37458174e+00
2.39559574e+00
2.41660973e+00
2.43762373e+00
2.45863773e+00
2.47965173e+00
2.50066572e+00
2.52167972e+00
2.54269372e+00
2.56370772e+00
2.58472171e+00
2.60573571e+00
2.62674971e+00
2.64776371e+00
2.66877771e+00
2.68979170e+00
2.71080570e+00
2.73181970e+00
2.75283370e+00
2.77384769e+00
2.79486169e+00
2.81587569e+00
2.83688969e+00
2.85790368e+00
2.87891768e+00
2.89993168e+00
2.92094568e+00
2.94195968e+00
2.96297367e+00
2.98398767e+00
3.00500167e+00
3.02601567e+00
3.04702966e+00
3.06804366e+00
3.08905766e+00
3.11007166e+00
3.13108565e+00
3.15209965e+00
3.17311365e+00
3.19412765e+00
3.21514165e+00
3.23615564e+00
3.25716964e+00
3.27818364e+00
3.29919764e+00
3.32021163e+00
3.34122563e+00
3.36223963e+00
3.38325363e+00
3.40426762e+00
3.42528162e+00
3.44629562e+00
3.46730962e+00
3.48832362e+00
3.50933761e+00
3.53035161e+00
3.55136561e+00
3.57237961e+00
3.59339360e+00
3.61440760e+00
3.63542160e+00
3.65643560e+00
3.67744959e+00
3.69846359e+00
3.71947759e+00
3.74049159e+00
3.76150559e+00
3.78251958e+00
3.80353358e+00
3.82454758e+00
3.84556158e+00
3.86657557e+00
3.88758957e+00
3.90860357e+00
3.92961757e+00
3.95063156e+00
3.97164556e+00
3.99265956e+00
4.01367356e+00
4.03468756e+00
4.05570155e+00
4.07671555e+00
4.09772955e+00
4.11874355e+00
4.13975754e+00
4.16077154e+00
4.18178554e+00
4.20279954e+00
4.22381353e+00
4.24482753e+00
4.26584153e+00
4.28685553e+00
4.30786952e+00
4.32888352e+00
4.34989752e+00
4.37091152e+00
4.39192552e+00
4.41293951e+00
4.43395351e+00
4.45496751e+00
4.47598151e+00
4.49699550e+00
4.51800950e+00
4.53902350e+00
4.56003750e+00
4.58105149e+00
4.60206549e+00
4.62307949e+00
4.64409349e+00
4.66510749e+00
4.68612148e+00
4.70713548e+00
4.72814948e+00
4.74916348e+00
4.77017747e+00
4.79119147e+00
4.81220547e+00
4.83321947e+00
4.85423346e+00
4.87524746e+00
4.89626146e+00
4.91727546e+00
4.93828946e+00
4.95930345e+00
4.98031745e+00
5.00133145e+00
5.02234545e+00
5.04335944e+00
5.06437344e+00
5.08538744e+00
5.10640144e+00
5.12741543e+00
5.14842943e+00
5.16944343e+00
5.19045743e+00
5.21147143e+00
5.23248542e+00
5.25349942e+00
5.27451342e+00
5.29552742e+00
5.31654141e+00
5.33755541e+00
5.35856941e+00
5.37958341e+00
5.40059740e+00
5.42161140e+00
5.44262540e+00
5.46363940e+00
5.48465340e+00
5.50566739e+00
5.52668139e+00
5.54769539e+00
5.56870939e+00
5.58972338e+00
5.61073738e+00
5.63175138e+00
5.65276538e+00
5.67377937e+00
5.69479337e+00
5.71580737e+00
5.73682137e+00
5.75783537e+00
5.77884936e+00
5.79986336e+00
5.82087736e+00
5.84189136e+00
5.86290535e+00
5.88391935e+00
5.90493335e+00
5.92594735e+00
5.94696134e+00
5.96797534e+00
5.98898934e+00
6.01000334e+00
6.03101733e+00
6.05203133e+00
6.07304533e+00
6.09405933e+00
6.11507333e+00
6.13608732e+00
6.15710132e+00
6.17811532e+00
6.19912932e+00
6.22014331e+00
6.24115731e+00
6.26217131e+00
6.28318531e+00
