# mapa variacional (Lambda, theta) | filas = Lambda (32), columnas = theta (32) | sector=even, sign=+1, N_FOCK=50, r_thresh=1e-05
-1.89061550e-04 -1.89080278e-04 -1.89133434e-04 -1.89212429e-04 -1.89304482e-04 -1.89394680e-04 -1.89468391e-04 -1.89513642e-04 -1.89523077e-04 -1.89495161e-04 -1.89434433e-04 -1.89350763e-04 -1.89257733e-04 -1.89170424e-04 -1.89102971e-04 -1.89066280e-04 -1.89066280e-04 -1.89102971e-04 -1.89170424e-04 -1.89257733e-04 -1.89350763e-04 -1.89434433e-04 -1.89495161e-04 -1.89523077e-04 -1.89513642e-04 -1.89468391e-04 -1.89394680e-04 -1.89304482e-04 -1.89212429e-04 -1.89133434e-04 -1.89080278e-04 -1.89061550e-04
-1.16167931e-04 -1.16433302e-04 -1.17190661e-04 -1.18327391e-04 -1.19668965e-04 -1.21001196e-04 -1.22102909e-04 -1.22785041e-04 -1.22927817e-04 -1.22505910e-04 -1.21593906e-04 -1.20350351e-04 -1.18985366e-04 -1.17721268e-04 -1.16755885e-04 -1.16234886e-04 -1.16234886e-04 -1.16755885e-04 -1.17721268e-04 -1.18985366e-04 -1.20350351e-04 -1.21593906e-04 -1.22505910e-04 -1.22927817e-04 -1.22785041e-04 -1.22102909e-04 -1.21001196e-04 -1.19668965e-04 -1.18327391e-04 -1.17190661e-04 -1.16433302e-04 -1.16167931e-04
-7.20527707e-05 -7.25446847e-05 -7.39746958e-05 -7.61919772e-05 -7.89149157e-05 -8.17284634e-05 -8.41348406e-05 -8.56599255e-05 -8.59824865e-05 -8.50326458e-05 -8.30142607e-05 -8.03405556e-05 -7.75133415e-05 -7.49992258e-05 -7.31490735e-05 -7.21764319e-05 -7.21764319e-05 -7.31490735e-05 -7.49992258e-05 -7.75133415e-05 -8.03405556e-05 -8.30142607e-05 -8.50326458e-05 -8.59824865e-05 -8.56599255e-05 -8.41348406e-05 -8.17284634e-05 -7.89149157e-05 -7.61919772e-05 -7.39746958e-05 -7.25446847e-05 -7.20527707e-05
-4.58405610e-05 -4.63773811e-05 -4.80181460e-05 -5.07755141e-05 -5.44695120e-05 -5.85920348e-05 -6.23323326e-05 -6.47948427e-05 -6.53242712e-05 -6.37737592e-05 -6.05675893e-05 -5.65224865e-05 -5.25288122e-05 -4.92618452e-05 -4.70566905e-05 -4.59741186e-05 -4.59741186e-05 -4.70566905e-05 -4.92618452e-05 -5.25288122e-05 -5.65224865e-05 -6.05675893e-05 -6.37737592e-05 -6.53242712e-05 -6.47948427e-05 -6.23323326e-05 -5.85920348e-05 -5.44695120e-05 -5.07755141e-05 -4.80181460e-05 -4.63773811e-05 -4.58405610e-05
-3.05495154e-05 -3.09280596e-05 -3.22864679e-05 -3.50720541e-05 -3.94647880e-05 -4.49673332e-05 -5.03541882e-05 -5.40635128e-05 -5.48758724e-05 -5.25112488e-05 -4.77722426e-05 -4.21393955e-05 -3.70799501e-05 -3.34772900e-05 -3.14568138e-05 -3.06401741e-05 -3.06401741e-05 -3.14568138e-05 -3.34772900e-05 -3.70799501e-05 -4.21393955e-05 -4.77722426e-05 -5.25112488e-05 -5.48758724e-05 -5.40635128e-05 -5.03541882e-05 -4.49673334e-05 -3.94647880e-05 -3.50720541e-05 -3.22864679e-05 -3.09280596e-05 -3.05495154e-05
-2.17918392e-05 -2.18322201e-05 -2.25225605e-05 -2.50691794e-05 -3.02729643e-05 -3.77127577e-05 -4.55622805e-05 -5.11983359e-05 -5.24537935e-05 -4.88198224e-05 -4.17442238e-05 -3.37976562e-05 -2.73308445e-05 -2.34921826e-05 -2.20239688e-05 -2.17918641e-05 -2.17918641e-05 -2.20239688e-05 -2.34921826e-05 -2.73308445e-05 -3.37976562e-05 -4.17442238e-05 -4.88198224e-05 -5.24537935e-05 -5.11983359e-05 -4.55622805e-05 -3.77127577e-05 -3.02729643e-05 -2.50691794e-05 -2.25225605e-05 -2.18322201e-05 -2.17918392e-05
-1.68673736e-05 -1.64142811e-05 -1.61887055e-05 -1.85416002e-05 -2.51399057e-05 -3.57082253e-05 -4.75797129e-05 -5.64221494e-05 -5.84222437e-05 -5.26622391e-05 -4.17324778e-05 -3.00393150e-05 -2.12725931e-05 -1.69036004e-05 -1.61310826e-05 -1.67337182e-05 -1.67337182e-05 -1.61310826e-05 -1.69036004e-05 -2.12725931e-05 -3.00393150e-05 -4.17324778e-05 -5.26622391e-05 -5.84222437e-05 -5.64221494e-05 -4.75797129e-05 -3.57082253e-05 -2.51399057e-05 -1.85416002e-05 -1.61887055e-05 -1.64142811e-05 -1.68673736e-05
-1.41487552e-05 -1.30571171e-05 -1.18091572e-05 -1.43493653e-05 -2.34624469e-05 -3.92871972e-05 -5.80784084e-05 -7.25780522e-05 -7.59065685e-05 -6.63675856e-05 -4.87128480e-05 -3.06669917e-05 -1.79993514e-05 -1.23825655e-05 -1.22061563e-05 -1.38381062e-05 -1.38381062e-05 -1.22061563e-05 -1.23825655e-05 -1.79993515e-05 -3.06669917e-05 -4.87128477e-05 -6.63675856e-05 -7.59065685e-05 -7.25780522e-05 -5.80784084e-05 -3.92871972e-05 -2.34624469e-05 -1.43493653e-05 -1.18091572e-05 -1.30571171e-05 -1.41487552e-05
-1.26752330e-05 -1.07970010e-05 -8.58144114e-06 -1.20359910e-05 -2.54760180e-05 -5.04153107e-05 -8.16569331e-05 -1.06514370e-04 -1.12292643e-04 -9.58013253e-05 -6.59234873e-05 -3.66184973e-05 -1.73171695e-05 -9.28272845e-06 -9.33530750e-06 -1.21384016e-05 -1.21384016e-05 -9.33530750e-06 -9.28272845e-06 -1.73171695e-05 -3.66184973e-05 -6.59234873e-05 -9.58013253e-05 -1.12292643e-04 -1.06514370e-04 -8.16569331e-05 -5.04153107e-05 -2.54760180e-05 -1.20359909e-05 -8.58144114e-06 -1.07970010e-05 -1.26752330e-05
-1.18911087e-05 -9.07715950e-06 -6.16337761e-06 -1.15820854e-05 -3.22522279e-05 -7.21324129e-05 -1.22199686e-04 -1.63629301e-04 -1.73563644e-04 -1.45528766e-04 -9.68423653e-05 -5.00737814e-05 -1.95463032e-05 -7.41231549e-06 -7.03810735e-06 -1.10700702e-05 -1.10700702e-05 -7.03810735e-06 -7.41231549e-06 -1.95463033e-05 -5.00737820e-05 -9.68423653e-05 -1.45528766e-04 -1.73563644e-04 -1.63629301e-04 -1.22199686e-04 -7.21324120e-05 -3.22522279e-05 -1.15820853e-05 -6.16337761e-06 -9.07715950e-06 -1.18911087e-05
-1.14814396e-05 -7.61206290e-06 -4.54855081e-06 -1.31947502e-05 -4.57825085e-05 -8.89259813e-05 -1.29131682e-04 -1.82087199e-04 -1.97962778e-04 -1.56267770e-04 -1.06883488e-04 -6.93200733e-05 -2.54236595e-05 -6.85315769e-06 -5.15580076e-06 -1.03128255e-05 -1.03128255e-05 -5.15580076e-06 -6.85315769e-06 -2.54236595e-05 -6.93200733e-05 -1.06883488e-04 -1.56267770e-04 -1.97962778e-04 -1.82087199e-04 -1.29131682e-04 -8.89259813e-05 -4.57825084e-05 -1.31947502e-05 -4.54855081e-06 -7.61206290e-06 -1.14814396e-05
-1.12713027e-05 -6.32051441e-06 -3.92382245e-06 -1.70497885e-05 -6.80394401e-05 2.23691085e-05 1.96827338e-04 1.90345357e-04 1.67161536e-04 2.12048962e-04 1.26229037e-04 -5.78675854e-05 -3.60143134e-05 -7.71452815e-06 -3.78281198e-06 -9.69973265e-06 -9.69973265e-06 -3.78281198e-06 -7.71452815e-06 -3.60143134e-05 -5.78675854e-05 1.26229037e-04 2.12048962e-04 1.67161536e-04 1.90345357e-04 1.96827338e-04 2.23691085e-05 -6.80394401e-05 -1.70497885e-05 -3.92382245e-06 -6.32051441e-06 -1.12713027e-05
-1.11654768e-05 -5.28431071e-06 -4.42277322e-06 -2.30078263e-05 -9.85174676e-05 5.88508142e-04 1.64196194e-03 1.93463274e-03 1.91908859e-03 1.87977909e-03 1.17809671e-03 9.45362296e-05 -5.24700489e-05 -9.80354775e-06 -3.16138712e-06 -9.16772451e-06 -9.16772451e-06 -3.16138712e-06 -9.80354771e-06 -5.24700489e-05 9.45362296e-05 1.17809671e-03 1.87977909e-03 1.91908859e-03 1.93463274e-03 1.64196194e-03 5.88508142e-04 -9.85174676e-05 -2.30078264e-05 -4.42277323e-06 -5.28431071e-06 -1.11654768e-05
-1.11131524e-05 -4.69992808e-06 -5.82408704e-06 -3.04216039e-05 -1.33097074e-04 2.07178380e-03 5.54515724e-03 7.01209456e-03 7.12486245e-03 6.56670610e-03 3.92974945e-03 5.43710202e-04 -7.52657717e-05 -1.24034630e-05 -3.49837387e-06 -8.73324204e-06 -8.73324204e-06 -3.49837387e-06 -1.24034630e-05 -7.52657717e-05 5.43710202e-04 3.92974956e-03 6.56670610e-03 7.12486245e-03 7.01209456e-03 5.54515724e-03 2.07178385e-03 -1.33097074e-04 -3.04216039e-05 -5.82408713e-06 -4.69992808e-06 -1.11131524e-05
-1.10877522e-05 -4.82547625e-06 -7.43020541e-06 -3.79541831e-05 -1.61368563e-04 5.00219351e-03 1.39922145e-02 1.92709238e-02 2.00555839e-02 1.73321222e-02 9.56512400e-03 1.45117038e-03 -1.02127568e-04 -1.44438662e-05 -4.75771048e-06 -8.49373224e-06 -8.49373224e-06 -4.75771048e-06 -1.44438662e-05 -1.02127568e-04 1.45117037e-03 9.56512400e-03 1.73321222e-02 2.00555839e-02 1.92709238e-02 1.39922145e-02 5.00219351e-03 -1.61368563e-04 -3.79541830e-05 -7.43020541e-06 -4.82547625e-06 -1.10877522e-05
-1.10756465e-05 -6.05460674e-06 -8.42036771e-06 -4.22188601e-05 -1.39077438e-04 1.07711064e-02 3.27607756e-02 5.08114530e-02 5.46483139e-02 4.32259347e-02 2.12080508e-02 3.24419491e-03 -1.21371326e-04 -1.49504417e-05 -6.61186230e-06 -8.73872898e-06 -8.73872898e-06 -6.61186229e-06 -1.49504417e-05 -1.21371326e-04 3.24419493e-03 2.12080507e-02 4.32259347e-02 5.46483139e-02 5.08114530e-02 3.27607756e-02 1.07711065e-02 -1.39077438e-04 -4.22188603e-05 -8.42036771e-06 -6.05460674e-06 -1.10756465e-05
-1.10699818e-05 -1.00849321e-05 -1.07269060e-05 -2.93082450e-05 2.04697666e-04 2.88277204e-02 1.01721991e-01 1.88178633e-01 2.12387674e-01 1.47552968e-01 6.03300539e-02 8.80187195e-03 -7.11772477e-05 -1.47042609e-05 -9.92048811e-06 -1.07043424e-05 -1.07043424e-05 -9.92048811e-06 -1.47042609e-05 -7.11772477e-05 8.80187195e-03 6.03300539e-02 1.47552968e-01 2.12387674e-01 1.88178633e-01 1.01721991e-01 2.88277204e-02 2.04697666e-04 -2.93082450e-05 -1.07269060e-05 -1.00849321e-05 -1.10699818e-05
-1.10673794e-05 -1.06857370e-05 -1.13807740e-05 -2.71261998e-05 2.15273697e-04 2.92589197e-02 1.10993034e-01 2.16038596e-01 2.46401423e-01 1.65865019e-01 6.35002334e-02 8.69775340e-03 -6.33139485e-05 -1.47823177e-05 -1.06587772e-05 -1.09314581e-05 -1.09314581e-05 -1.06587772e-05 -1.47823177e-05 -6.33139485e-05 8.69775340e-03 6.35002334e-02 1.65865019e-01 2.46401423e-01 2.16038596e-01 1.10993034e-01 2.92589197e-02 2.15273697e-04 -2.71261998e-05 -1.13807740e-05 -1.06857370e-05 -1.10673794e-05
-1.10662056e-05 -1.08891796e-05 -1.15187151e-05 -2.56152105e-05 1.80813157e-04 2.71272181e-02 1.10977637e-01 2.27486615e-01 2.62385452e-01 1.70919764e-01 6.11987604e-02 7.80250178e-03 -5.98946530e-05 -1.44529884e-05 -1.09146208e-05 -1.10023822e-05 -1.10023822e-05 -1.09146208e-05 -1.44529884e-05 -5.98946530e-05 7.80250178e-03 6.11987604e-02 1.70919764e-01 2.62385452e-01 2.27486615e-01 1.10977637e-01 2.71272181e-02 1.80813157e-04 -2.56152105e-05 -1.15187151e-05 -1.08891796e-05 -1.10662056e-05
-1.10656858e-05 -1.09809143e-05 -1.15079557e-05 -2.42507658e-05 1.33449077e-04 2.42003893e-02 1.07620681e-01 2.33319712e-01 2.72487122e-01 1.71278677e-01 5.70225812e-02 6.68849188e-03 -5.74245216e-05 -1.40286028e-05 -1.10202084e-05 -1.10341090e-05 -1.10341090e-05 -1.10202084e-05 -1.40286028e-05 -5.74245216e-05 6.68849188e-03 5.70225812e-02 1.71278677e-01 2.72487122e-01 2.33319712e-01 1.07620681e-01 2.42003894e-02 1.33449077e-04 -2.42507658e-05 -1.15079557e-05 -1.09809143e-05 -1.10656858e-05
-1.10654598e-05 -1.10252645e-05 -1.14481223e-05 -2.29794793e-05 8.43861548e-05 2.10114710e-02 1.02445179e-01 2.36105391e-01 2.79253165e-01 1.69147405e-01 5.19741326e-02 5.54008522e-03 -5.52978837e-05 -1.36018269e-05 -1.10628270e-05 -1.10497584e-05 -1.10497584e-05 -1.10628270e-05 -1.36018269e-05 -5.52978837e-05 5.54008522e-03 5.19741326e-02 1.69147405e-01 2.79253165e-01 2.36105391e-01 1.02445179e-01 2.10114710e-02 8.43861548e-05 -2.29794793e-05 -1.14481223e-05 -1.10252645e-05 -1.10654598e-05
-1.10653633e-05 -1.10468965e-05 -1.13773796e-05 -2.17933217e-05 3.72310915e-05 1.78291594e-02 9.62334773e-02 2.37182459e-01 2.84334525e-01 1.65109392e-01 4.65240437e-02 4.44656654e-03 -5.33391995e-05 -1.32064660e-05 -1.10775347e-05 -1.10576781e-05 -1.10576781e-05 -1.10775347e-05 -1.32064660e-05 -5.33391995e-05 4.44656654e-03 4.65240437e-02 1.65109392e-01 2.84334525e-01 2.37182459e-01 9.62334773e-02 1.78291594e-02 3.72310915e-05 -2.17933217e-05 -1.13773796e-05 -1.10468965e-05 -1.10653633e-05
-1.10653229e-05 -1.10572372e-05 -1.13109387e-05 -2.06939262e-05 -4.88537809e-06 1.48047160e-02 8.93987111e-02 2.36156281e-01 2.87798733e-01 1.59903943e-01 4.09976834e-02 3.45939112e-03 -5.14945030e-05 -1.28543766e-05 -1.10802766e-05 -1.10616612e-05 -1.10616612e-05 -1.10802766e-05 -1.28543766e-05 -5.14945030e-05 3.45939112e-03 4.09976834e-02 1.59903943e-01 2.87798733e-01 2.36156281e-01 8.93987111e-02 1.48047160e-02 -4.88537809e-06 -2.06939262e-05 -1.13109387e-05 -1.10572372e-05 -1.10653229e-05
-1.10653062e-05 -1.10619941e-05 -1.12541563e-05 -1.96843522e-05 -4.11136903e-05 1.20442739e-02 8.20619560e-02 2.34649303e-01 2.90189597e-01 1.53674921e-01 3.56202989e-02 2.60167359e-03 -4.97472012e-05 -1.25483021e-05 -1.10784775e-05 -1.10636189e-05 -1.10636189e-05 -1.10784775e-05 -1.25483021e-05 -4.97472012e-05 2.60167359e-03 3.56202989e-02 1.53674921e-01 2.90189597e-01 2.34649303e-01 8.20619560e-02 1.20442739e-02 -4.11136903e-05 -1.96843522e-05 -1.12541563e-05 -1.10619941e-05 -1.10653062e-05
-1.10652995e-05 -1.10640679e-05 -1.12080494e-05 -1.87655475e-05 -7.09878294e-05 9.56294810e-03 7.47019428e-02 2.31409828e-01 2.91320271e-01 1.46811732e-01 3.04444364e-02 1.87846813e-03 -4.80891233e-05 -1.22868275e-05 -1.10754699e-05 -1.10645505e-05 -1.10645505e-05 -1.10754699e-05 -1.22868275e-05 -4.80891233e-05 1.87846813e-03 3.04444364e-02 1.46811732e-01 2.91320271e-01 2.31409828e-01 7.47019428e-02 9.56294810e-03 -7.09878294e-05 -1.87655475e-05 -1.12080494e-05 -1.10640679e-05 -1.10652995e-05
-1.10652968e-05 -1.10649089e-05 -1.11718065e-05 -1.79352638e-05 -9.49514291e-05 7.40453078e-03 6.72741064e-02 2.27817080e-01 2.92383005e-01 1.39289372e-01 2.56326435e-02 1.28467439e-03 -4.65122044e-05 -1.20664556e-05 -1.10726057e-05 -1.10649774e-05 -1.10649774e-05 -1.10726057e-05 -1.20664556e-05 -4.65122044e-05 1.28467439e-03 2.56326435e-02 1.39289372e-01 2.92383005e-01 2.27817080e-01 6.72741064e-02 7.40453078e-03 -9.49514291e-05 -1.79352638e-05 -1.11718065e-05 -1.10649089e-05 -1.10652968e-05
-1.10652958e-05 -1.10652162e-05 -1.11439578e-05 -1.71885585e-05 -1.13641819e-04 5.53943748e-03 5.99507531e-02 2.23421973e-01 2.92134200e-01 1.31553973e-01 2.11983700e-02 8.06234615e-04 -4.50080221e-05 -1.18826656e-05 -1.10703153e-05 -1.10651651e-05 -1.10651651e-05 -1.10703153e-05 -1.18826656e-05 -4.50080221e-05 8.06234615e-04 2.11983700e-02 1.31553973e-01 2.92134200e-01 2.23421973e-01 5.99507531e-02 5.53943748e-03 -1.13641819e-04 -1.71885585e-05 -1.11439578e-05 -1.10652162e-05 -1.10652958e-05
-1.10652954e-05 -1.10653097e-05 -1.11229173e-05 -1.65189229e-05 -1.27952948e-04 3.96741055e-03 5.28833709e-02 2.18112922e-01 2.91458098e-01 1.23252824e-01 1.71531058e-02 4.29078897e-04 -4.35691503e-05 -1.17305913e-05 -1.10686374e-05 -1.10652442e-05 -1.10652442e-05 -1.10686374e-05 -1.17305913e-05 -4.35691503e-05 4.29078897e-04 1.71531058e-02 1.23252824e-01 2.91458098e-01 2.18112922e-01 5.28833709e-02 3.96741055e-03 -1.27952948e-04 -1.65189229e-05 -1.11229173e-05 -1.10653097e-05 -1.10652954e-05
-1.10652953e-05 -1.10653776e-05 -1.11074190e-05 -1.59195630e-05 -1.38775970e-04 2.64752988e-03 4.60245195e-02 2.12713990e-01 2.90565760e-01 1.14890916e-01 1.35428615e-02 1.34827951e-04 -4.21892622e-05 -1.16057592e-05 -1.10675836e-05 -1.10652889e-05 -1.10652889e-05 -1.10675836e-05 -1.16057592e-05 -4.21892622e-05 1.34827951e-04 1.35428615e-02 1.14890916e-01 2.90565760e-01 2.12713990e-01 4.60245195e-02 2.64752988e-03 -1.38775970e-04 -1.59195630e-05 -1.11074190e-05 -1.10653776e-05 -1.10652953e-05
-1.10652952e-05 -1.10653403e-05 -1.10957095e-05 -1.53830353e-05 -1.46933288e-04 1.55663840e-03 3.95277662e-02 2.06532719e-01 2.88699581e-01 1.06568496e-01 1.02973247e-02 -9.14715010e-05 -4.08663386e-05 -1.15030826e-05 -1.10667299e-05 -1.10652931e-05 -1.10652931e-05 -1.10667299e-05 -1.15030826e-05 -4.08663386e-05 -9.14715010e-05 1.02973247e-02 1.06568496e-01 2.88699581e-01 2.06532719e-01 3.95277662e-02 1.55663840e-03 -1.46933288e-04 -1.53830353e-05 -1.10957095e-05 -1.10653403e-05 -1.10652952e-05
-1.10652952e-05 -1.10653193e-05 -1.10871739e-05 -1.49034296e-05 -1.53095159e-04 6.57200570e-04 3.34264744e-02 1.99910600e-01 2.85836115e-01 9.79279611e-02 7.43447389e-03 -2.65667769e-04 -3.95962137e-05 -1.14192900e-05 -1.10661902e-05 -1.10652945e-05 -1.10652945e-05 -1.10661902e-05 -1.14192900e-05 -3.95962137e-05 -2.65667769e-04 7.43447389e-03 9.79279611e-02 2.85836115e-01 1.99910600e-01 3.34264744e-02 6.57200570e-04 -1.53095159e-04 -1.49034296e-05 -1.10871739e-05 -1.10653193e-05 -1.10652952e-05
-1.10652952e-05 -1.10653079e-05 -1.10809766e-05 -1.44749334e-05 -1.57856146e-04 -8.48508039e-05 2.75856435e-02 1.93133313e-01 2.84009983e-01 8.92148786e-02 4.91368489e-03 -4.00186297e-04 -3.83770001e-05 -1.13510405e-05 -1.10658505e-05 -1.10652950e-05 -1.10652950e-05 -1.10658505e-05 -1.13510405e-05 -3.83770001e-05 -4.00186297e-04 4.91368489e-03 8.92148786e-02 2.84009983e-01 1.93133313e-01 2.75856435e-02 -8.48508039e-05 -1.57856146e-04 -1.44749334e-05 -1.10809766e-05 -1.10653079e-05 -1.10652952e-05
