# mapa variacional (Lambda, theta) | filas = Lambda (32), columnas = theta (32) | sector=even, sign=+1, N_FOCK=50, r_thresh=1e-05
-1.89524265e-04 -1.89505493e-04 -1.89452230e-04 -1.89373133e-04 -1.89281046e-04 -1.89190903e-04 -1.89117302e-04 -1.89072148e-04 -1.89062736e-04 -1.89090587e-04 -1.89151202e-04 -1.89234782e-04 -1.89327801e-04 -1.89415184e-04 -1.89482751e-04 -1.89519524e-04 -1.89519524e-04 -1.89482751e-04 -1.89415184e-04 -1.89327801e-04 -1.89234782e-04 -1.89151202e-04 -1.89090587e-04 -1.89062736e-04 -1.89072148e-04 -1.89117302e-04 -1.89190903e-04 -1.89281046e-04 -1.89373133e-04 -1.89452230e-04 -1.89505493e-04 -1.89524265e-04
-1.22945817e-04 -1.22661875e-04 -1.21860355e-04 -1.20681348e-04 -1.19325677e-04 -1.18016299e-04 -1.16960173e-04 -1.16318005e-04 -1.16184708e-04 -1.16579714e-04 -1.17445169e-04 -1.18651486e-04 -1.20011708e-04 -1.21306478e-04 -1.22318892e-04 -1.22874023e-04 -1.22874023e-04 -1.22318892e-04 -1.21306478e-04 -1.20011708e-04 -1.18651486e-04 -1.17445169e-04 -1.16579714e-04 -1.16184708e-04 -1.16318005e-04 -1.16960173e-04 -1.18016299e-04 -1.19325677e-04 -1.20681348e-04 -1.21860355e-04 -1.22661875e-04 -1.22945817e-04
-8.60232323e-05 -8.53825946e-05 -8.35989814e-05 -8.10432313e-05 -7.82074493e-05 -7.55768377e-05 -7.35354399e-05 -7.23303720e-05 -7.20837281e-05 -7.28181316e-05 -7.44638100e-05 -7.68394092e-05 -7.96284888e-05 -8.23881489e-05 -8.46148519e-05 -8.58608187e-05 -8.58608187e-05 -8.46148519e-05 -8.23881489e-05 -7.96284888e-05 -7.68394092e-05 -7.44638100e-05 -7.28181316e-05 -7.20837281e-05 -7.23303720e-05 -7.35354399e-05 -7.55768377e-05 -7.82074493e-05 -8.10432313e-05 -8.35989814e-05 -8.53825946e-05 -8.60232323e-05
-6.53913565e-05 -6.43420104e-05 -6.14835765e-05 -5.75618396e-05 -5.34799059e-05 -4.99863497e-05 -4.75019285e-05 -4.61416926e-05 -4.58739071e-05 -4.66820817e-05 -4.86051191e-05 -5.16249334e-05 -5.54875150e-05 -5.95988331e-05 -6.31000157e-05 -6.51242301e-05 -6.51242301e-05 -6.31000157e-05 -5.95988331e-05 -5.54875150e-05 -5.16249334e-05 -4.86051191e-05 -4.66820817e-05 -4.58739071e-05 -4.61416926e-05 -4.75019285e-05 -4.99863497e-05 -5.34799059e-05 -5.75618396e-05 -6.14835765e-05 -6.43420103e-05 -6.53913565e-05
-5.49791654e-05 -5.33727167e-05 -4.91039371e-05 -4.35444454e-05 -3.82294874e-05 -3.42226531e-05 -3.18300588e-05 -3.07572837e-05 -3.05719232e-05 -3.11587870e-05 -3.28334457e-05 -3.60254595e-05 -4.07733160e-05 -4.63848432e-05 -5.14978718e-05 -5.45683377e-05 -5.45683377e-05 -5.14978718e-05 -4.63848432e-05 -4.07733160e-05 -3.60254595e-05 -3.28334457e-05 -3.11587870e-05 -3.05719232e-05 -3.07572837e-05 -3.18300588e-05 -3.42226531e-05 -3.82294874e-05 -4.35444454e-05 -4.91039371e-05 -5.33727167e-05 -5.49791654e-05
-5.26139353e-05 -5.01364542e-05 -4.37017337e-05 -3.57218543e-05 -2.87207028e-05 -2.41982336e-05 -2.22244096e-05 -2.18014752e-05 -2.17911959e-05 -2.19001012e-05 -2.29389156e-05 -2.61125859e-05 -3.19723675e-05 -3.97336480e-05 -4.72822522e-05 -5.19776765e-05 -5.19776765e-05 -4.72822522e-05 -3.97336480e-05 -3.19723675e-05 -2.61125859e-05 -2.29389156e-05 -2.19001012e-05 -2.17911959e-05 -2.18014752e-05 -2.22244096e-05 -2.41982336e-05 -2.87207028e-05 -3.57218543e-05 -4.37017337e-05 -5.01364542e-05 -5.26139353e-05
-5.86781107e-05 -5.47386904e-05 -4.47145776e-05 -3.28001594e-05 -2.30670762e-05 -1.75939301e-05 -1.60969818e-05 -1.65860840e-05 -1.68326384e-05 -1.62502237e-05 -1.64455756e-05 -1.97645127e-05 -2.74732679e-05 -3.87070346e-05 -5.02532182e-05 -5.76625108e-05 -5.76625108e-05 -5.02532182e-05 -3.87070346e-05 -2.74732679e-05 -1.97645127e-05 -1.64455756e-05 -1.62502237e-05 -1.68326384e-05 -1.65860840e-05 -1.60969818e-05 -1.75939301e-05 -2.30670762e-05 -3.28001594e-05 -4.47145776e-05 -5.47386904e-05 -5.86781107e-05
-7.63335629e-05 -6.97896209e-05 -5.34648397e-05 -3.48315883e-05 -2.05033914e-05 -1.31702767e-05 -1.19171726e-05 -1.34859540e-05 -1.40686203e-05 -1.26088535e-05 -1.19453063e-05 -1.59517074e-05 -2.68608778e-05 -4.39483147e-05 -6.24227053e-05 -7.46402848e-05 -7.46402848e-05 -6.24227053e-05 -4.39483147e-05 -2.68608779e-05 -1.59517074e-05 -1.19453063e-05 -1.26088535e-05 -1.40686203e-05 -1.34859540e-05 -1.19171726e-05 -1.31702767e-05 -2.05033914e-05 -3.48315881e-05 -5.34648397e-05 -6.97896209e-05 -7.63335629e-05
-1.13035773e-04 -1.01692899e-04 -7.38706621e-05 -4.32279338e-05 -2.10224284e-05 -1.03707012e-05 -8.81969575e-06 -1.15323048e-05 -1.25365438e-05 -1.00295018e-05 -8.70954728e-06 -1.43349700e-05 -3.06823846e-05 -5.80382745e-05 -8.90463952e-05 -1.10091439e-04 -1.10091439e-04 -8.90463952e-05 -5.80382745e-05 -3.06823846e-05 -1.43349700e-05 -8.70954728e-06 -1.00295018e-05 -1.25365438e-05 -1.15323048e-05 -8.81969575e-06 -1.03707012e-05 -2.10224284e-05 -4.32279333e-05 -7.38706621e-05 -1.01692899e-04 -1.13035773e-04
-1.74847749e-04 -1.55441058e-04 -1.09587298e-04 -6.06634892e-05 -2.52534459e-05 -9.08116876e-06 -6.38861915e-06 -1.01584478e-05 -1.16778354e-05 -7.98360410e-06 -6.47191153e-06 -1.50295762e-05 -4.05535619e-05 -8.42695291e-05 -1.34310365e-04 -1.69769127e-04 -1.69769129e-04 -1.34310365e-04 -8.42695291e-05 -4.05535623e-05 -1.50295763e-05 -6.47191153e-06 -7.98360410e-06 -1.16778354e-05 -1.01584478e-05 -6.38861915e-06 -9.08116870e-06 -2.52534459e-05 -6.06634885e-05 -1.09587298e-04 -1.55441057e-04 -1.74847749e-04
-2.00095530e-04 -1.69928355e-04 -1.17276834e-04 -7.96715399e-05 -3.45064012e-05 -9.42404565e-06 -4.54584417e-06 -9.05110979e-06 -1.11751454e-05 -6.23879391e-06 -5.27830628e-06 -1.84262934e-05 -5.78140652e-05 -9.77075057e-05 -1.42370107e-04 -1.91748468e-04 -1.91748468e-04 -1.42370107e-04 -9.77075057e-05 -5.78140652e-05 -1.84262934e-05 -5.27830628e-06 -6.23879391e-06 -1.11751454e-05 -9.05110979e-06 -4.54584417e-06 -9.42404564e-06 -3.45064011e-05 -7.96715398e-05 -1.17276834e-04 -1.69928355e-04 -2.00095530e-04
1.63651284e-04 2.03764234e-04 1.68273994e-04 -2.45882686e-05 -5.08452657e-05 -1.14872458e-05 -3.45487265e-06 -8.07113987e-06 -1.08540560e-05 -4.79834115e-06 -5.28925161e-06 -2.49930496e-05 -7.25243127e-05 7.54458357e-05 2.10866776e-04 1.76842000e-04 1.76842000e-04 2.10866776e-04 7.54458357e-05 -7.25243127e-05 -2.49930496e-05 -5.28925161e-06 -4.79834115e-06 -1.08540560e-05 -8.07113987e-06 -3.45487265e-06 -1.14872458e-05 -5.08452657e-05 -2.45882686e-05 1.68273994e-04 2.03764234e-04 1.63651284e-04
1.91485136e-03 1.92341933e-03 1.43610633e-03 3.14340738e-04 -7.68198986e-05 -1.50061150e-05 -3.34811672e-06 -7.21222503e-06 -1.06257708e-05 -3.84075687e-06 -6.47517251e-06 -3.50242180e-05 -4.66370414e-05 8.86230640e-04 1.79059371e-03 1.92876956e-03 1.92876956e-03 1.79059371e-03 8.86230641e-04 -4.66370414e-05 -3.50242180e-05 -6.47517251e-06 -3.84075687e-06 -1.06257708e-05 -7.21222503e-06 -3.34811672e-06 -1.50061150e-05 -7.68198986e-05 3.14340741e-04 1.43610633e-03 1.92341933e-03 1.91485136e-03
7.13289977e-03 6.84944532e-03 4.79587953e-03 1.22808988e-03 -1.14088252e-04 -1.91971756e-05 -4.26589787e-06 -6.57586324e-06 -1.04555611e-05 -3.61638173e-06 -8.33232282e-06 -4.82658580e-05 7.69128281e-05 2.99775894e-03 6.13461942e-03 7.09272941e-03 7.09272941e-03 6.13461942e-03 2.99775894e-03 7.69128281e-05 -4.82658580e-05 -8.33232295e-06 -3.61638173e-06 -1.04555611e-05 -6.57586324e-06 -4.26589787e-06 -1.91971760e-05 -1.14088252e-04 1.22808988e-03 4.79587966e-03 6.84944532e-03 7.13289977e-03
2.01421195e-02 1.84713435e-02 1.18604351e-02 3.03443179e-03 -1.59653076e-04 -2.28976967e-05 -5.84274284e-06 -6.36602238e-06 -1.03507623e-05 -4.31277876e-06 -9.92172448e-06 -6.30208293e-05 3.60641663e-04 7.23002464e-03 1.58339737e-02 1.97788801e-02 1.97788801e-02 1.58339737e-02 7.23002464e-03 3.60641664e-04 -6.30208293e-05 -9.92172448e-06 -4.31277876e-06 -1.03507623e-05 -6.36602238e-06 -5.84274284e-06 -2.28976967e-05 -1.59653076e-04 3.03443180e-03 1.18604351e-02 1.84713435e-02 2.01421195e-02
5.51242010e-02 4.74600456e-02 2.69721298e-02 6.55130850e-03 -1.94507730e-04 -2.44371331e-05 -7.40367489e-06 -7.02940083e-06 -1.03912317e-05 -6.02493488e-06 -1.04140388e-05 -7.27038836e-05 9.78617987e-04 1.57243307e-02 3.82578778e-02 5.32127127e-02 5.32127127e-02 3.82578776e-02 1.57243308e-02 9.78617978e-04 -7.27038831e-05 -1.04140388e-05 -6.02493488e-06 -1.03912317e-05 -7.02940083e-06 -7.40367489e-06 -2.44371329e-05 -1.94507730e-04 6.55130846e-03 2.69721296e-02 4.74600456e-02 5.51242010e-02
2.15623843e-01 1.69228753e-01 7.99998007e-02 1.73733942e-02 -1.10725329e-04 -1.98963414e-05 -1.01416831e-05 -1.03733730e-05 -1.09688520e-05 -9.91899489e-06 -1.20234038e-05 -4.53447003e-05 3.07543670e-03 4.31754437e-02 1.24610284e-01 2.02968902e-01 2.02968902e-01 1.24610284e-01 4.31754437e-02 3.07543670e-03 -4.53447003e-05 -1.20234038e-05 -9.91899489e-06 -1.09688520e-05 -1.03733730e-05 -1.01416831e-05 -1.98963414e-05 -1.10725329e-04 1.73733942e-02 7.99998007e-02 1.69228753e-01 2.15623843e-01
2.50479777e-01 1.92470132e-01 8.58090458e-02 1.73589614e-02 -9.83167027e-05 -1.91614849e-05 -1.08638148e-05 -1.08027248e-05 -1.10303607e-05 -1.06227296e-05 -1.25031391e-05 -4.08517763e-05 3.02969768e-03 4.46072805e-02 1.38081323e-01 2.34563666e-01 2.34563667e-01 1.38081323e-01 4.46072805e-02 3.02969768e-03 -4.08517763e-05 -1.25031391e-05 -1.06227296e-05 -1.10303607e-05 -1.08027248e-05 -1.08638148e-05 -1.91614849e-05 -9.83167027e-05 1.73589614e-02 8.58090458e-02 1.92470132e-01 2.50479777e-01
2.67116551e-01 2.00801254e-01 8.42858085e-02 1.58129206e-02 -9.40902783e-05 -1.83522823e-05 -1.10882773e-05 -1.09420896e-05 -1.10488410e-05 -1.08687295e-05 -1.24715017e-05 -3.84310002e-05 2.68597034e-03 4.21692541e-02 1.40329225e-01 2.48678867e-01 2.48678867e-01 1.40329225e-01 4.21692541e-02 2.68597034e-03 -3.84310002e-05 -1.24715017e-05 -1.08687295e-05 -1.10488410e-05 -1.09420896e-05 -1.10882773e-05 -1.83522823e-05 -9.40902783e-05 1.58129206e-02 8.42858085e-02 2.00801254e-01 2.67116551e-01
2.77834373e-01 2.03820836e-01 8.01659879e-02 1.38141789e-02 -9.16696535e-05 -1.75295386e-05 -1.11591972e-05 -1.10048366e-05 -1.10570631e-05 -1.09777768e-05 -1.23069622e-05 -3.64495529e-05 2.26278320e-03 3.84430519e-02 1.38538091e-01 2.57074619e-01 2.57074619e-01 1.38538091e-01 3.84430519e-02 2.26278320e-03 -3.64495529e-05 -1.23069622e-05 -1.09777768e-05 -1.10570631e-05 -1.10048366e-05 -1.11591972e-05 -1.75295386e-05 -9.16696535e-05 1.38141789e-02 8.01659879e-02 2.03820836e-01 2.77834373e-01
2.85212465e-01 2.04076915e-01 7.47071833e-02 1.17081609e-02 -8.99047480e-05 -1.67435738e-05 -1.11702339e-05 -1.10356178e-05 -1.10611456e-05 -1.10283206e-05 -1.21121833e-05 -3.46506973e-05 1.82644752e-03 3.41955400e-02 1.34499894e-01 2.62112600e-01 2.62112600e-01 1.34499894e-01 3.41955400e-02 1.82644752e-03 -3.46506973e-05 -1.21121833e-05 -1.10283206e-05 -1.10611456e-05 -1.10356178e-05 -1.11702339e-05 -1.67435737e-05 -8.99047480e-05 1.17081609e-02 7.47071833e-02 2.04076915e-01 2.85212465e-01
2.90875657e-01 2.02364029e-01 6.85973203e-02 9.66407833e-03 -8.84452001e-05 -1.60158818e-05 -1.11586188e-05 -1.10510123e-05 -1.10632349e-05 -1.10513657e-05 -1.19248696e-05 -3.29664835e-05 1.41658533e-03 2.98210911e-02 1.28897260e-01 2.65605041e-01 2.65605041e-01 1.28897260e-01 2.98210911e-02 1.41658533e-03 -3.29664835e-05 -1.19248696e-05 -1.10513657e-05 -1.10632349e-05 -1.10510123e-05 -1.11586188e-05 -1.60158818e-05 -8.84452001e-05 9.66407833e-03 6.85973203e-02 2.02364029e-01 2.90875657e-01
2.95007805e-01 1.99010500e-01 6.21098199e-02 7.77715819e-03 -8.71647760e-05 -1.53552582e-05 -1.11404639e-05 -1.10586313e-05 -1.10642993e-05 -1.10612828e-05 -1.17587467e-05 -3.13810462e-05 1.05184982e-03 2.55385717e-02 1.22415183e-01 2.67230608e-01 2.67230608e-01 1.22415183e-01 2.55385717e-02 1.05184982e-03 -3.13810462e-05 -1.17587467e-05 -1.10612828e-05 -1.10642993e-05 -1.10586313e-05 -1.11404639e-05 -1.53552582e-05 -8.71647760e-05 7.77715819e-03 6.21098199e-02 1.99010500e-01 2.95007805e-01
2.98044401e-01 1.94849090e-01 5.55756559e-02 6.09611627e-03 -8.60067717e-05 -1.47645580e-05 -1.11225579e-05 -1.10623031e-05 -1.10648295e-05 -1.10651008e-05 -1.16175495e-05 -2.98937068e-05 7.39321303e-04 2.14762700e-02 1.15214442e-01 2.67921833e-01 2.67921833e-01 1.15214442e-01 2.14762700e-02 7.39321303e-04 -2.98937068e-05 -1.16175495e-05 -1.10651008e-05 -1.10648295e-05 -1.10623031e-05 -1.11225579e-05 -1.47645580e-05 -8.60067717e-05 6.09611627e-03 5.55756559e-02 1.94849090e-01 2.98044401e-01
2.99932923e-01 1.89560765e-01 4.90739849e-02 4.64128750e-03 -8.49348870e-05 -1.42429857e-05 -1.11073801e-05 -1.10640096e-05 -1.10650853e-05 -1.10662557e-05 -1.15007198e-05 -2.85052661e-05 4.81099136e-04 1.77357584e-02 1.07617044e-01 2.66939397e-01 2.66939397e-01 1.07617044e-01 1.77357584e-02 4.81099136e-04 -2.85052661e-05 -1.15007198e-05 -1.10662557e-05 -1.10650853e-05 -1.10640096e-05 -1.11073801e-05 -1.42429857e-05 -8.49348870e-05 4.64128750e-03 4.90739849e-02 1.89560765e-01 2.99932923e-01
3.01707366e-01 1.83581465e-01 4.28135058e-02 3.40787173e-03 -8.39206588e-05 -1.37870816e-05 -1.10954605e-05 -1.10647695e-05 -1.10652042e-05 -1.10663683e-05 -1.14058898e-05 -2.72137414e-05 2.73585765e-04 1.43404061e-02 9.94912395e-02 2.66160157e-01 2.66160157e-01 9.94912395e-02 1.43404061e-02 2.73585765e-04 -2.72137414e-05 -1.14058898e-05 -1.10663683e-05 -1.10652042e-05 -1.10647695e-05 -1.10954605e-05 -1.37870816e-05 -8.39206588e-05 3.40787173e-03 4.28135058e-02 1.83581465e-01 3.01707366e-01
3.02157890e-01 1.76967738e-01 3.67804454e-02 2.38450343e-03 -8.29425520e-05 -1.33915774e-05 -1.10865219e-05 -1.10650920e-05 -1.10652573e-05 -1.10661539e-05 -1.13300306e-05 -2.60143934e-05 1.11102339e-04 1.13386122e-02 9.16102524e-02 2.64168437e-01 2.64168437e-01 9.16102524e-02 1.13386122e-02 1.11102339e-04 -2.60143934e-05 -1.13300306e-05 -1.10661539e-05 -1.10652573e-05 -1.10650920e-05 -1.10865219e-05 -1.33915774e-05 -8.29425520e-05 2.38450343e-03 3.67804454e-02 1.76967738e-01 3.02157890e-01
3.02247211e-01 1.69589516e-01 3.12295281e-02 1.54693933e-03 -8.19865121e-05 -1.30502674e-05 -1.10800230e-05 -1.10652218e-05 -1.10652800e-05 -1.10658959e-05 -1.12700258e-05 -2.49010898e-05 -1.39053322e-05 8.68500775e-03 8.35343559e-02 2.61430189e-01 2.61430189e-01 8.35343559e-02 8.68500775e-03 -1.39053322e-05 -2.49010898e-05 -1.12700258e-05 -1.10658959e-05 -1.10652800e-05 -1.10652218e-05 -1.10800230e-05 -1.30502674e-05 -8.19865121e-05 1.54693933e-03 3.12295281e-02 1.69589516e-01 3.02247211e-01
3.02180994e-01 1.62318510e-01 2.60087820e-02 8.73769936e-04 -8.10428273e-05 -1.27570359e-05 -1.10755524e-05 -1.10652998e-05 -1.10652926e-05 -1.10657645e-05 -1.12232082e-05 -2.38674888e-05 -1.08474401e-04 6.38946748e-03 7.54220499e-02 2.58360253e-01 2.58360253e-01 7.54220499e-02 6.38946748e-03 -1.08474401e-04 -2.38674888e-05 -1.12232082e-05 -1.10657645e-05 -1.10652926e-05 -1.10652998e-05 -1.10755524e-05 -1.27570359e-05 -8.10428273e-05 8.73769936e-04 2.60087820e-02 1.62318510e-01 3.02180994e-01
3.01056037e-01 1.54484148e-01 2.11545193e-02 3.34573535e-04 -8.01143186e-05 -1.25050046e-05 -1.10722238e-05 -1.10652989e-05 -1.10652942e-05 -1.10655665e-05 -1.11863974e-05 -2.29078070e-05 -1.79230054e-04 4.41963587e-03 6.75978571e-02 2.54566387e-01 2.54566387e-01 6.75978571e-02 4.41963587e-03 -1.79230054e-04 -2.29078070e-05 -1.11863974e-05 -1.10655665e-05 -1.10652942e-05 -1.10652989e-05 -1.10722238e-05 -1.25050046e-05 -8.01143186e-05 3.34573535e-04 2.11545193e-02 1.54484148e-01 3.01056037e-01
2.99133311e-01 1.46299157e-01 1.67713432e-02 -9.37983461e-05 -7.91958245e-05 -1.22891877e-05 -1.10699539e-05 -1.10652975e-05 -1.10652948e-05 -1.10654510e-05 -1.11579216e-05 -2.20166920e-05 -2.32260855e-04 2.73074902e-03 5.98846736e-02 2.49626856e-01 2.49626856e-01 5.98846736e-02 2.73074902e-03 -2.32260855e-04 -2.20166920e-05 -1.11579216e-05 -1.10654510e-05 -1.10652948e-05 -1.10652975e-05 -1.10699539e-05 -1.22891877e-05 -7.91958245e-05 -9.37983461e-05 1.67713432e-02 1.46299157e-01 2.99133311e-01
2.98006439e-01 1.37921354e-01 1.27565953e-02 -4.34963938e-04 -7.82880606e-05 -1.21045842e-05 -1.10684129e-05 -1.10652965e-05 -1.10652951e-05 -1.10653841e-05 -1.11359590e-05 -2.11894242e-05 -2.72165182e-04 1.29343920e-03 5.23939294e-02 2.45818962e-01 2.45818962e-01 5.23939294e-02 1.29343920e-03 -2.72165182e-04 -2.11894242e-05 -1.11359590e-05 -1.10653841e-05 -1.10652951e-05 -1.10652965e-05 -1.10684129e-05 -1.21045842e-05 -7.82880606e-05 -4.34963938e-04 1.27565953e-02 1.37921354e-01 2.98006439e-01
