# mapa variacional (Lambda, theta) | filas = Lambda (32), columnas = theta (32) | sector=even, sign=+1, N_FOCK=50, r_thresh=1e-05
0.00000000e+00 3.94979203e-05 7.25930111e-05 9.39216669e-05 1.00027413e-04 8.99207938e-05 6.52396262e-05 2.99837308e-05 1.01329268e-05 4.86067530e-05 7.92014782e-05 9.69587993e-05 9.90010321e-05 8.49972264e-05 5.72167686e-05 2.01618059e-05 2.01618059e-05 5.72167686e-05 8.49972264e-05 9.90010321e-05 9.69587993e-05 7.92014782e-05 4.86067530e-05 1.01329268e-05 2.99837308e-05 6.52396262e-05 8.99207938e-05 1.00027413e-04 9.39216669e-05 7.25930111e-05 3.94979203e-05 0.00000000e+00
-3.20342650e-16 9.18620756e-04 1.68788358e-03 2.18342712e-03 2.32525394e-03 2.09048536e-03 1.51699680e-03 6.97397093e-04 2.35720139e-04 1.13038755e-03 1.84144134e-03 2.25397640e-03 2.30141374e-03 1.97610060e-03 1.33052912e-03 4.68983241e-04 4.68983241e-04 1.33052912e-03 1.97610060e-03 2.30141374e-03 2.25397670e-03 1.84144134e-03 1.13038755e-03 2.35720139e-04 6.97397093e-04 1.51699680e-03 2.09048536e-03 2.32525394e-03 2.18342712e-03 1.68788358e-03 9.18620756e-04 -3.20342650e-16
0.00000000e+00 2.90613371e-03 5.33626180e-03 6.89984526e-03 7.34706685e-03 6.60670320e-03 4.79671965e-03 2.20667156e-03 7.46125685e-04 3.57544685e-03 5.82094241e-03 7.12232489e-03 7.27190072e-03 6.24585464e-03 4.20778718e-03 1.48420469e-03 1.48420469e-03 4.20778718e-03 6.24585464e-03 7.27190072e-03 7.12232489e-03 5.82094241e-03 3.57544685e-03 7.46125685e-04 2.20667156e-03 4.79671965e-03 6.60670320e-03 7.34706685e-03 6.89984526e-03 5.33626180e-03 2.90613371e-03 0.00000000e+00
0.00000000e+00 5.87790842e-03 1.07863547e-02 1.39399707e-02 1.48444308e-02 1.33490419e-02 9.69724976e-03 4.46159635e-03 1.50945060e-03 7.23054701e-03 1.17643430e-02 1.43912942e-02 1.46928853e-02 1.26214217e-02 8.50797805e-03 3.00175893e-03 3.00175893e-03 8.50797805e-03 1.26214217e-02 1.46928853e-02 1.43912942e-02 1.17643430e-02 7.23054701e-03 1.50945060e-03 4.46159635e-03 9.69724976e-03 1.33490418e-02 1.48444308e-02 1.39399707e-02 1.07863547e-02 5.87790838e-03 0.00000000e+00
-6.40685301e-16 9.59683384e-03 1.76060456e-02 2.27440551e-02 2.42110505e-02 2.17818167e-02 1.58301733e-02 7.28886225e-03 2.46401389e-03 1.18036070e-02 1.92001391e-02 2.34739976e-02 2.39645747e-02 2.05966467e-02 1.38902620e-02 4.90346486e-03 4.90346486e-03 1.38902620e-02 2.05966467e-02 2.39645747e-02 2.34739976e-02 1.92001391e-02 1.18036070e-02 2.46401389e-03 7.28886225e-03 1.58301733e-02 2.17818173e-02 2.42110505e-02 2.27440551e-02 1.76060456e-02 9.59683384e-03 -6.40685301e-16
-3.20342650e-16 1.36630657e-02 2.50753678e-02 3.23918256e-02 3.44822923e-02 3.10222772e-02 2.25449711e-02 1.03713160e-02 3.50557836e-03 1.68095281e-02 2.73461835e-02 3.34333567e-02 3.41315434e-02 2.93349627e-02 1.97803396e-02 6.97515976e-03 6.97515976e-03 1.97803396e-02 2.93349627e-02 3.41315434e-02 3.34333567e-02 2.73461835e-02 1.68095281e-02 3.50557836e-03 1.03713160e-02 2.25449711e-02 3.10222772e-02 3.44822923e-02 3.23918256e-02 2.50753678e-02 1.36630657e-02 -3.20342650e-16
6.40685301e-16 1.74192691e-02 3.20790914e-02 4.15138179e-02 4.42085570e-02 3.97465593e-02 2.88228789e-02 1.32091969e-02 4.45013807e-03 2.14537421e-02 3.50065475e-02 4.28545976e-02 4.37557708e-02 3.75702482e-02 2.52685965e-02 8.86739782e-03 8.86739782e-03 2.52685965e-02 3.75702482e-02 4.37557708e-02 4.28545976e-02 3.50065475e-02 2.14537421e-02 4.45013807e-03 1.32091969e-02 2.88228789e-02 3.97465593e-02 4.42085570e-02 4.15138179e-02 3.20790914e-02 1.74192691e-02 6.40685301e-16
-3.20342650e-16 1.98881115e-02 3.70670190e-02 4.83182794e-02 5.15647195e-02 4.61973694e-02 3.32169615e-02 1.50249354e-02 5.01792681e-03 2.45782625e-02 4.05386953e-02 4.99316337e-02 5.10181475e-02 4.35940020e-02 2.90388715e-02 1.00481414e-02 1.00481414e-02 2.90388715e-02 4.35940020e-02 5.10181476e-02 4.99316337e-02 4.05386952e-02 2.45782625e-02 5.01792681e-03 1.50249354e-02 3.32169615e-02 4.61973694e-02 5.15647195e-02 4.83182793e-02 3.70670190e-02 1.98881115e-02 -3.20342650e-16
0.00000000e+00 1.99212787e-02 3.86399686e-02 5.18194718e-02 5.57878963e-02 4.92676666e-02 3.43153331e-02 1.48792971e-02 4.84928724e-03 2.48875774e-02 4.26187163e-02 5.37813150e-02 5.51139468e-02 4.61830618e-02 2.97085353e-02 9.83191461e-03 9.83191461e-03 2.97085353e-02 4.61830618e-02 5.51139468e-02 5.37813150e-02 4.26187163e-02 2.48875774e-02 4.84928724e-03 1.48792971e-02 3.43153331e-02 4.92676666e-02 5.57878963e-02 5.18194712e-02 3.86399686e-02 1.99212787e-02 0.00000000e+00
0.00000000e+00 1.83374944e-02 4.10997646e-02 6.08389602e-02 6.74046267e-02 5.67709014e-02 3.53056376e-02 1.31677506e-02 3.95987850e-03 2.38103310e-02 4.67228734e-02 6.40496505e-02 6.62698455e-02 5.20065716e-02 2.95008249e-02 8.35985597e-03 8.35985613e-03 2.95008249e-02 5.20065716e-02 6.62698461e-02 6.40496512e-02 4.67228734e-02 2.38103310e-02 3.95987850e-03 1.31677506e-02 3.53056376e-02 5.67709007e-02 6.74046267e-02 6.08389597e-02 4.10997646e-02 1.83374944e-02 0.00000000e+00
0.00000000e+00 2.95134822e-02 7.32105111e-02 1.13532055e-01 1.27036807e-01 1.05167071e-01 6.16475849e-02 2.05186680e-02 5.79003517e-03 3.94977586e-02 8.45976018e-02 1.20137226e-01 1.24703662e-01 9.53900969e-02 5.02985465e-02 1.26095449e-02 1.26095449e-02 5.02985465e-02 9.53900970e-02 1.24703662e-01 1.20137226e-01 8.45976018e-02 3.94977586e-02 5.79003517e-03 2.05186680e-02 6.16475849e-02 1.05167071e-01 1.27036807e-01 1.13532055e-01 7.32105110e-02 2.95134821e-02 0.00000000e+00
-6.40685301e-16 6.56203606e-02 1.51332365e-01 2.24828637e-01 2.48596305e-01 2.09907072e-01 1.29414540e-01 4.66668559e-02 1.38235540e-02 8.60022934e-02 1.72513771e-01 2.36501178e-01 2.44517197e-01 1.92265507e-01 1.07434902e-01 2.93692898e-02 2.93692898e-02 1.07434902e-01 1.92265507e-01 2.44517197e-01 2.36501178e-01 1.72513771e-01 8.60022934e-02 1.38235540e-02 4.66668559e-02 1.29414540e-01 2.09907072e-01 2.48596305e-01 2.24828637e-01 1.51332365e-01 6.56203606e-02 -6.40685301e-16
0.00000000e+00 1.24068887e-01 2.69626856e-01 3.84853189e-01 4.20572672e-01 3.62063961e-01 2.33699405e-01 8.96949186e-02 2.74579999e-02 1.60017745e-01 3.03626676e-01 4.02483629e-01 4.14492274e-01 3.34734055e-01 1.96843901e-01 5.73913265e-02 5.73913265e-02 1.96843901e-01 3.34734055e-01 4.14492274e-01 4.02483629e-01 3.03626676e-01 1.60017745e-01 2.74579999e-02 8.96949186e-02 2.33699405e-01 3.62063961e-01 4.20572672e-01 3.84853190e-01 2.69626857e-01 1.24068887e-01 0.00000000e+00
-3.20342650e-16 2.05739047e-01 4.23520416e-01 5.81631277e-01 6.28361581e-01 5.51268771e-01 3.71770878e-01 1.50865974e-01 4.74831899e-02 2.61614621e-01 4.71388752e-01 6.04826065e-01 6.20479853e-01 5.14278743e-01 3.17374532e-01 9.78987810e-02 9.78987810e-02 3.17374532e-01 5.14278743e-01 6.20479853e-01 6.04826065e-01 4.71388757e-01 2.61614621e-01 4.74831899e-02 1.50865974e-01 3.71770878e-01 5.51268776e-01 6.28361581e-01 5.81631277e-01 4.23520421e-01 2.05739047e-01 -3.20342650e-16
-3.20342650e-16 3.13209531e-01 6.06652214e-01 7.98974805e-01 8.52777266e-01 7.63296302e-01 5.40063800e-01 2.33452963e-01 7.58939130e-02 3.91894634e-01 6.66613754e-01 8.25844978e-01 8.43795892e-01 7.19040390e-01 4.68015887e-01 1.53980645e-01 1.53980645e-01 4.68015887e-01 7.19040390e-01 8.43795892e-01 8.25844978e-01 6.66613754e-01 3.91894634e-01 7.58939130e-02 2.33452963e-01 5.40063800e-01 7.63296302e-01 8.52777266e-01 7.98974805e-01 6.06652214e-01 3.13209531e-01 -3.20342650e-16
-3.20342650e-16 4.56757561e-01 8.13364648e-01 1.01855364e+00 1.07264030e+00 9.81937949e-01 7.37461130e-01 3.48875977e-01 1.19273903e-01 5.58274356e-01 8.79472852e-01 1.04573148e+00 1.06370194e+00 9.35641966e-01 6.52185806e-01 2.35952792e-01 2.35952792e-01 6.52185805e-01 9.35641966e-01 1.06370194e+00 1.04573148e+00 8.79472851e-01 5.58274356e-01 1.19273903e-01 3.48875977e-01 7.37461130e-01 9.81937949e-01 1.07264030e+00 1.01855364e+00 8.13364647e-01 4.56757561e-01 -3.20342650e-16
0.00000000e+00 6.42736356e-01 9.45113098e-01 1.06000518e+00 1.08429856e+00 1.04221149e+00 8.92565551e-01 5.20088915e-01 2.00762125e-01 7.43945717e-01 9.86283964e-01 1.07250295e+00 1.08044327e+00 1.01808745e+00 8.26345217e-01 3.73510629e-01 3.73510629e-01 8.26345217e-01 1.01808745e+00 1.08044327e+00 1.07250295e+00 9.86283964e-01 7.43945717e-01 2.00762125e-01 5.20088915e-01 8.92565551e-01 1.04221149e+00 1.08429856e+00 1.06000518e+00 9.45113098e-01 6.42736356e-01 0.00000000e+00
-3.20342650e-16 6.75857601e-01 9.46562495e-01 1.02519993e+00 1.03822700e+00 1.01468237e+00 9.04320788e-01 5.53729409e-01 2.18963153e-01 7.72534901e-01 9.77322172e-01 1.03210767e+00 1.03627176e+00 9.99293171e-01 8.47467000e-01 4.02546468e-01 4.02546468e-01 8.47467000e-01 9.99293171e-01 1.03627176e+00 1.03210767e+00 9.77322172e-01 7.72534901e-01 2.18963153e-01 5.53729409e-01 9.04320788e-01 1.01468237e+00 1.03822700e+00 1.02519993e+00 9.46562495e-01 6.75857601e-01 -3.20342650e-16
0.00000000e+00 7.01496793e-01 9.52924096e-01 1.01183008e+00 1.01950872e+00 1.00498416e+00 9.16851610e-01 5.79298111e-01 2.32573433e-01 7.95459412e-01 9.77675069e-01 1.01603070e+00 1.01842518e+00 9.94209530e-01 8.65755423e-01 4.24395937e-01 4.24395937e-01 8.65755423e-01 9.94209530e-01 1.01842518e+00 1.01603070e+00 9.77675069e-01 7.95459412e-01 2.32573433e-01 5.79298111e-01 9.16851610e-01 1.00498416e+00 1.01950872e+00 1.01183008e+00 9.52924096e-01 7.01496793e-01 0.00000000e+00
0.00000000e+00 7.24598435e-01 9.60226358e-01 1.00553741e+00 1.01014935e+00 1.00097491e+00 9.28963332e-01 6.02382672e-01 2.44953892e-01 8.16183835e-01 9.80521920e-01 1.00814432e+00 1.00954245e+00 9.93245700e-01 8.82558347e-01 4.44192931e-01 4.44192931e-01 8.82558347e-01 9.93245700e-01 1.00954245e+00 1.00814432e+00 9.80521920e-01 8.16183835e-01 2.44953892e-01 6.02382672e-01 9.28963332e-01 1.00097491e+00 1.01014935e+00 1.00553741e+00 9.60226358e-01 7.24598435e-01 0.00000000e+00
-3.20342650e-16 7.46060809e-01 9.67301692e-01 1.00246432e+00 1.00523115e+00 9.99412977e-01 9.40141250e-01 6.24045872e-01 2.56778248e-01 8.35258364e-01 9.84004195e-01 1.00408232e+00 1.00489459e+00 9.93840100e-01 8.97941191e-01 4.62947022e-01 4.62947022e-01 8.97941191e-01 9.93840100e-01 1.00489459e+00 1.00408232e+00 9.84004195e-01 8.35258364e-01 2.56778248e-01 6.24045872e-01 9.40141250e-01 9.99412977e-01 1.00523115e+00 1.00246432e+00 9.67301692e-01 7.46060809e-01 -3.20342650e-16
-6.40685301e-16 7.66174641e-01 9.73691631e-01 1.00099032e+00 1.00263271e+00 9.98962460e-01 9.50169318e-01 6.44649506e-01 2.68283280e-01 8.52843438e-01 9.87390434e-01 1.00198486e+00 1.00244980e+00 9.94965258e-01 9.11896923e-01 4.81009371e-01 4.81009371e-01 9.11896923e-01 9.94965258e-01 1.00244980e+00 1.00198486e+00 9.87390434e-01 8.52843438e-01 2.68283280e-01 6.44649506e-01 9.50169318e-01 9.98962460e-01 1.00263271e+00 1.00099032e+00 9.73691631e-01 7.66174641e-01 -6.40685301e-16
-3.20342650e-16 7.85061943e-01 9.79220325e-01 1.00032719e+00 1.00128772e+00 9.98995072e-01 9.58972265e-01 6.64344059e-01 2.79578485e-01 8.69012726e-01 9.90372355e-01 1.00092966e+00 1.00119071e+00 9.96155409e-01 9.24432274e-01 4.98528718e-01 4.98528718e-01 9.24432274e-01 9.96155409e-01 1.00119071e+00 1.00092966e+00 9.90372355e-01 8.69012726e-01 2.79578485e-01 6.64344059e-01 9.58972265e-01 9.98995072e-01 1.00128772e+00 1.00032719e+00 9.79220325e-01 7.85061943e-01 -3.20342650e-16
0.00000000e+00 8.02786133e-01 9.83854261e-01 1.00005697e+00 1.00060818e+00 9.99195614e-01 9.66564279e-01 6.83200447e-01 2.90708576e-01 8.83818782e-01 9.92842783e-01 1.00041509e+00 1.00055822e+00 9.97205752e-01 9.35585720e-01 5.15574089e-01 5.15574089e-01 9.35585720e-01 9.97205752e-01 1.00055822e+00 1.00041509e+00 9.92842783e-01 8.83818782e-01 2.90708576e-01 6.83200447e-01 9.66564279e-01 9.99195614e-01 1.00060818e+00 1.00005697e+00 9.83854261e-01 8.02786133e-01 0.00000000e+00
6.40685301e-16 8.19391164e-01 9.87640768e-01 9.99966925e-01 1.00027665e+00 9.99420107e-01 9.73012404e-01 7.01257140e-01 3.01697496e-01 8.97315479e-01 9.94801933e-01 1.00017529e+00 1.00025174e+00 9.98048021e-01 9.45422314e-01 5.32177200e-01 5.32177200e-01 9.45422314e-01 9.98048021e-01 1.00025174e+00 1.00017529e+00 9.94801933e-01 8.97315479e-01 3.01697496e-01 7.01257140e-01 9.73012404e-01 9.99420107e-01 1.00027665e+00 9.99966925e-01 9.87640768e-01 8.19391164e-01 6.40685301e-16
6.40685301e-16 8.34916258e-01 9.90668951e-01 9.99950846e-01 1.00012104e+00 9.99610635e-01 9.78415529e-01 7.18539513e-01 3.12554936e-01 9.09563947e-01 9.96302591e-01 1.00006931e+00 1.00010902e+00 9.98681146e-01 9.54027368e-01 5.48361797e-01 5.48361797e-01 9.54027368e-01 9.98681146e-01 1.00010902e+00 1.00006931e+00 9.96302591e-01 9.09563947e-01 3.12554936e-01 7.18539513e-01 9.78415529e-01 9.99610635e-01 1.00012104e+00 9.99950846e-01 9.90668951e-01 8.34916258e-01 6.40685301e-16
0.00000000e+00 8.49401050e-01 9.93045829e-01 9.99959516e-01 1.00005090e+00 9.99752317e-01 9.82888620e-01 7.35066659e-01 3.23292115e-01 9.20632358e-01 9.97419294e-01 1.00002525e+00 1.00004530e+00 9.99134354e-01 9.61498984e-01 5.64134540e-01 5.64134540e-01 9.61498984e-01 9.99134354e-01 1.00004530e+00 1.00002525e+00 9.97419294e-01 9.20632358e-01 3.23292115e-01 7.35066659e-01 9.82888620e-01 9.99752317e-01 1.00005090e+00 9.99959516e-01 9.93045829e-01 8.49401050e-01 0.00000000e+00
-3.20342650e-16 8.62885528e-01 9.94880786e-01 9.99972641e-01 1.00002056e+00 9.99849206e-01 9.86551176e-01 7.50861334e-01 3.33908104e-01 9.30593676e-01 9.98229918e-01 1.00000822e+00 1.00001805e+00 9.99446244e-01 9.67941307e-01 5.79502015e-01 5.79502015e-01 9.67941307e-01 9.99446244e-01 1.00001805e+00 1.00000822e+00 9.98229918e-01 9.30593676e-01 3.33908104e-01 7.50861334e-01 9.86551176e-01 9.99849206e-01 1.00002056e+00 9.99972641e-01 9.94880786e-01 8.62885528e-01 -3.20342650e-16
0.00000000e+00 8.75414176e-01 9.96270220e-01 9.99975318e-01 9.99999325e-01 9.99903785e-01 9.89514294e-01 7.65938687e-01 3.44404943e-01 9.39520099e-01 9.98798955e-01 9.99993818e-01 9.99998323e-01 9.99646614e-01 9.73455143e-01 5.94474204e-01 5.94474204e-01 9.73455143e-01 9.99646614e-01 9.99998323e-01 9.99993818e-01 9.98798955e-01 9.39520099e-01 3.44404943e-01 7.65938687e-01 9.89514294e-01 9.99903785e-01 9.99999325e-01 9.99975318e-01 9.96270220e-01 8.75414176e-01 0.00000000e+00
0.00000000e+00 8.87032202e-01 9.97320399e-01 9.99987685e-01 9.99999761e-01 9.99946884e-01 9.91899582e-01 7.80320605e-01 3.54783882e-01 9.47495392e-01 9.99204139e-01 9.99997237e-01 9.99999337e-01 9.99785570e-01 9.78153450e-01 6.09054339e-01 6.09054339e-01 9.78153450e-01 9.99785570e-01 9.99999337e-01 9.99997237e-01 9.99204139e-01 9.47495392e-01 3.54783882e-01 7.80320605e-01 9.91899582e-01 9.99946884e-01 9.99999761e-01 9.99987685e-01 9.97320399e-01 8.87032202e-01 0.00000000e+00
0.00000000e+00 8.97780551e-01 9.98096228e-01 9.99993995e-01 9.99999919e-01 9.99971263e-01 9.93794405e-01 7.94024396e-01 3.65045846e-01 9.54587918e-01 9.99480013e-01 9.99998796e-01 9.99999745e-01 9.99872099e-01 9.82124938e-01 6.23248463e-01 6.23248463e-01 9.82124938e-01 9.99872099e-01 9.99999745e-01 9.99998796e-01 9.99480013e-01 9.54587918e-01 3.65045846e-01 7.94024396e-01 9.93794405e-01 9.99971263e-01 9.99999919e-01 9.99993995e-01 9.98096228e-01 8.97780551e-01 0.00000000e+00
-3.20342650e-16 9.07703451e-01 9.98662533e-01 9.99997139e-01 9.99999973e-01 9.99984766e-01 9.95286063e-01 8.07069660e-01 3.75191607e-01 9.60870917e-01 9.99665038e-01 9.99999489e-01 9.99999905e-01 9.99925014e-01 9.85461084e-01 6.37062349e-01 6.37062349e-01 9.85461084e-01 9.99925014e-01 9.99999905e-01 9.99999489e-01 9.99665038e-01 9.60870917e-01 3.75191607e-01 8.07069660e-01 9.95286063e-01 9.99984766e-01 9.99999973e-01 9.99997139e-01 9.98662533e-01 9.07703451e-01 -3.20342650e-16
