# mapa variacional (Lambda, theta) | filas = Lambda (32), columnas = theta (32) | sector=even, sign=+1, N_FOCK=50, r_thresh=1e-05
9.99999984e-01 9.99999984e-01 9.99999985e-01 9.99999985e-01 9.99999985e-01 9.99999985e-01 9.99999985e-01 9.99999985e-01 9.99999985e-01 9.99999985e-01 9.99999985e-01 9.99999985e-01 9.99999985e-01 9.99999985e-01 9.99999985e-01 9.99999984e-01 9.99999984e-01 9.99999985e-01 9.99999985e-01 9.99999985e-01 9.99999985e-01 9.99999985e-01 9.99999985e-01 9.99999985e-01 9.99999985e-01 9.99999985e-01 9.99999985e-01 9.99999985e-01 9.99999985e-01 9.99999985e-01 9.99999984e-01 9.99999984e-01
9.99999984e-01 9.99999985e-01 9.99999985e-01 9.99999985e-01 9.99999986e-01 9.99999986e-01 9.99999987e-01 9.99999987e-01 9.99999987e-01 9.99999987e-01 9.99999986e-01 9.99999986e-01 9.99999986e-01 9.99999985e-01 9.99999985e-01 9.99999985e-01 9.99999985e-01 9.99999985e-01 9.99999985e-01 9.99999986e-01 9.99999986e-01 9.99999986e-01 9.99999987e-01 9.99999987e-01 9.99999987e-01 9.99999987e-01 9.99999986e-01 9.99999986e-01 9.99999985e-01 9.99999985e-01 9.99999985e-01 9.99999984e-01
9.99999984e-01 9.99999985e-01 9.99999986e-01 9.99999987e-01 9.99999988e-01 9.99999989e-01 9.99999990e-01 9.99999991e-01 9.99999991e-01 9.99999991e-01 9.99999990e-01 9.99999989e-01 9.99999988e-01 9.99999986e-01 9.99999985e-01 9.99999985e-01 9.99999985e-01 9.99999985e-01 9.99999986e-01 9.99999988e-01 9.99999989e-01 9.99999990e-01 9.99999991e-01 9.99999991e-01 9.99999991e-01 9.99999990e-01 9.99999989e-01 9.99999988e-01 9.99999987e-01 9.99999986e-01 9.99999985e-01 9.99999984e-01
9.99999984e-01 9.99999985e-01 9.99999987e-01 9.99999989e-01 9.99999992e-01 9.99999993e-01 9.99999994e-01 9.99999995e-01 9.99999995e-01 9.99999995e-01 9.99999994e-01 9.99999992e-01 9.99999990e-01 9.99999988e-01 9.99999986e-01 9.99999985e-01 9.99999985e-01 9.99999986e-01 9.99999988e-01 9.99999990e-01 9.99999992e-01 9.99999994e-01 9.99999995e-01 9.99999995e-01 9.99999995e-01 9.99999994e-01 9.99999993e-01 9.99999992e-01 9.99999989e-01 9.99999987e-01 9.99999985e-01 9.99999984e-01
9.99999984e-01 9.99999986e-01 9.99999989e-01 9.99999992e-01 9.99999995e-01 9.99999997e-01 9.99999998e-01 9.99999998e-01 9.99999998e-01 9.99999998e-01 9.99999997e-01 9.99999996e-01 9.99999994e-01 9.99999990e-01 9.99999987e-01 9.99999985e-01 9.99999985e-01 9.99999987e-01 9.99999990e-01 9.99999994e-01 9.99999996e-01 9.99999997e-01 9.99999998e-01 9.99999998e-01 9.99999998e-01 9.99999998e-01 9.99999997e-01 9.99999995e-01 9.99999992e-01 9.99999989e-01 9.99999986e-01 9.99999984e-01
9.99999984e-01 9.99999986e-01 9.99999991e-01 9.99999995e-01 9.99999997e-01 9.99999999e-01 9.99999999e-01 1.00000000e+00 1.00000000e+00 9.99999999e-01 9.99999999e-01 9.99999998e-01 9.99999996e-01 9.99999993e-01 9.99999988e-01 9.99999985e-01 9.99999985e-01 9.99999988e-01 9.99999993e-01 9.99999996e-01 9.99999998e-01 9.99999999e-01 9.99999999e-01 1.00000000e+00 1.00000000e+00 9.99999999e-01 9.99999999e-01 9.99999997e-01 9.99999995e-01 9.99999991e-01 9.99999986e-01 9.99999984e-01
9.99999984e-01 9.99999987e-01 9.99999993e-01 9.99999997e-01 9.99999999e-01 1.00000000e+00 1.00000000e+00 1.00000000e+00 1.00000000e+00 1.00000000e+00 1.00000000e+00 1.00000000e+00 9.99999998e-01 9.99999995e-01 9.99999990e-01 9.99999985e-01 9.99999985e-01 9.99999990e-01 9.99999995e-01 9.99999998e-01 1.00000000e+00 1.00000000e+00 1.00000000e+00 1.00000000e+00 1.00000000e+00 1.00000000e+00 1.00000000e+00 9.99999999e-01 9.99999997e-01 9.99999993e-01 9.99999987e-01 9.99999984e-01
9.99999984e-01 9.99999988e-01 9.99999995e-01 9.99999999e-01 1.00000000e+00 1.00000000e+00 1.00000000e+00 1.00000000e+00 1.00000000e+00 1.00000000e+00 1.00000000e+00 1.00000000e+00 1.00000000e+00 9.99999998e-01 9.99999992e-01 9.99999986e-01 9.99999986e-01 9.99999992e-01 9.99999998e-01 1.00000000e+00 1.00000000e+00 1.00000000e+00 1.00000000e+00 1.00000000e+00 1.00000000e+00 1.00000000e+00 1.00000000e+00 1.00000000e+00 9.99999999e-01 9.99999995e-01 9.99999988e-01 9.99999984e-01
9.99999984e-01 9.99999990e-01 9.99999997e-01 1.00000000e+00 1.00000000e+00 1.00000000e+00 1.00000000e+00 1.00000000e+00 1.00000000e+00 1.00000000e+00 1.00000000e+00 1.00000000e+00 1.00000000e+00 9.99999999e-01 9.99999994e-01 9.99999986e-01 9.99999986e-01 9.99999994e-01 9.99999999e-01 1.00000000e+00 1.00000000e+00 1.00000000e+00 1.00000000e+00 1.00000000e+00 1.00000000e+00 1.00000000e+00 1.00000000e+00 1.00000000e+00 1.00000000e+00 9.99999997e-01 9.99999990e-01 9.99999984e-01
9.99999984e-01 9.99999992e-01 9.99999999e-01 1.00000000e+00 1.00000000e+00 1.00000000e+00 1.00000000e+00 1.00000000e+00 1.00000000e+00 1.00000000e+00 1.00000000e+00 1.00000000e+00 1.00000000e+00 1.00000000e+00 9.99999996e-01 9.99999987e-01 9.99999987e-01 9.99999996e-01 1.00000000e+00 1.00000000e+00 1.00000000e+00 1.00000000e+00 1.00000000e+00 1.00000000e+00 1.00000000e+00 1.00000000e+00 1.00000000e+00 1.00000000e+00 1.00000000e+00 9.99999999e-01 9.99999992e-01 9.99999984e-01
9.99999984e-01 9.99999993e-01 9.99999999e-01 9.99999999e-01 1.00000000e+00 1.00000000e+00 1.00000000e+00 9.99999999e-01 9.99999999e-01 9.99999999e-01 1.00000000e+00 1.00000000e+00 9.99999999e-01 9.99999999e-01 9.99999998e-01 9.99999987e-01 9.99999987e-01 9.99999998e-01 9.99999999e-01 9.99999999e-01 1.00000000e+00 1.00000000e+00 9.99999999e-01 9.99999999e-01 9.99999999e-01 1.00000000e+00 1.00000000e+00 1.00000000e+00 9.99999999e-01 9.99999999e-01 9.99999993e-01 9.99999984e-01
9.99999984e-01 9.99999995e-01 9.99999998e-01 9.99999999e-01 1.00000000e+00 1.00000000e+00 9.99999998e-01 9.99999995e-01 9.99999994e-01 9.99999996e-01 9.99999999e-01 1.00000000e+00 9.99999999e-01 9.99999998e-01 9.99999998e-01 9.99999988e-01 9.99999988e-01 9.99999998e-01 9.99999998e-01 9.99999999e-01 1.00000000e+00 9.99999999e-01 9.99999996e-01 9.99999994e-01 9.99999995e-01 9.99999998e-01 1.00000000e+00 1.00000000e+00 9.99999999e-01 9.99999998e-01 9.99999995e-01 9.99999984e-01
9.99999984e-01 9.99999996e-01 9.99999997e-01 9.99999999e-01 1.00000000e+00 9.99999999e-01 9.99999992e-01 9.99999978e-01 9.99999973e-01 9.99999985e-01 9.99999996e-01 1.00000000e+00 1.00000000e+00 9.99999998e-01 9.99999997e-01 9.99999989e-01 9.99999989e-01 9.99999997e-01 9.99999998e-01 1.00000000e+00 1.00000000e+00 9.99999996e-01 9.99999985e-01 9.99999973e-01 9.99999978e-01 9.99999992e-01 9.99999999e-01 1.00000000e+00 9.99999999e-01 9.99999997e-01 9.99999996e-01 9.99999984e-01
9.99999984e-01 9.99999996e-01 9.99999996e-01 9.99999999e-01 1.00000000e+00 9.99999996e-01 9.99999971e-01 9.99999923e-01 9.99999908e-01 9.99999948e-01 9.99999988e-01 9.99999999e-01 1.00000000e+00 9.99999998e-01 9.99999996e-01 9.99999990e-01 9.99999990e-01 9.99999996e-01 9.99999998e-01 1.00000000e+00 9.99999999e-01 9.99999988e-01 9.99999948e-01 9.99999908e-01 9.99999923e-01 9.99999971e-01 9.99999996e-01 1.00000000e+00 9.99999999e-01 9.99999996e-01 9.99999996e-01 9.99999984e-01
9.99999984e-01 9.99999994e-01 9.99999996e-01 1.00000000e+00 1.00000000e+00 9.99999991e-01 9.99999931e-01 9.99999811e-01 9.99999773e-01 9.99999872e-01 9.99999971e-01 9.99999998e-01 1.00000000e+00 9.99999999e-01 9.99999993e-01 9.99999990e-01 9.99999990e-01 9.99999993e-01 9.99999999e-01 1.00000000e+00 9.99999998e-01 9.99999971e-01 9.99999872e-01 9.99999773e-01 9.99999811e-01 9.99999931e-01 9.99999991e-01 1.00000000e+00 1.00000000e+00 9.99999996e-01 9.99999994e-01 9.99999984e-01
9.99999984e-01 9.99999992e-01 9.99999996e-01 9.99999999e-01 1.00000000e+00 9.99999989e-01 9.99999913e-01 9.99999754e-01 9.99999700e-01 9.99999836e-01 9.99999965e-01 9.99999998e-01 1.00000000e+00 9.99999999e-01 9.99999992e-01 9.99999989e-01 9.99999989e-01 9.99999992e-01 9.99999999e-01 1.00000000e+00 9.99999998e-01 9.99999965e-01 9.99999836e-01 9.99999700e-01 9.99999754e-01 9.99999913e-01 9.99999989e-01 1.00000000e+00 9.99999999e-01 9.99999996e-01 9.99999992e-01 9.99999984e-01
9.99999984e-01 9.99999986e-01 9.99999990e-01 9.99999993e-01 9.99999996e-01 9.99999998e-01 9.99999998e-01 9.99999996e-01 9.99999995e-01 9.99999997e-01 9.99999999e-01 9.99999997e-01 9.99999995e-01 9.99999992e-01 9.99999987e-01 9.99999985e-01 9.99999985e-01 9.99999987e-01 9.99999992e-01 9.99999995e-01 9.99999997e-01 9.99999999e-01 9.99999997e-01 9.99999995e-01 9.99999996e-01 9.99999998e-01 9.99999998e-01 9.99999996e-01 9.99999993e-01 9.99999990e-01 9.99999986e-01 9.99999984e-01
9.99999984e-01 9.99999985e-01 9.99999987e-01 9.99999989e-01 9.99999991e-01 9.99999994e-01 9.99999992e-01 9.99999990e-01 9.99999989e-01 9.99999991e-01 9.99999994e-01 9.99999993e-01 9.99999990e-01 9.99999988e-01 9.99999986e-01 9.99999985e-01 9.99999985e-01 9.99999986e-01 9.99999988e-01 9.99999990e-01 9.99999993e-01 9.99999994e-01 9.99999991e-01 9.99999989e-01 9.99999990e-01 9.99999992e-01 9.99999994e-01 9.99999991e-01 9.99999989e-01 9.99999987e-01 9.99999985e-01 9.99999984e-01
9.99999984e-01 9.99999985e-01 9.99999986e-01 9.99999987e-01 9.99999989e-01 9.99999989e-01 9.99999986e-01 9.99999987e-01 9.99999988e-01 9.99999986e-01 9.99999988e-01 9.99999990e-01 9.99999987e-01 9.99999986e-01 9.99999985e-01 9.99999985e-01 9.99999985e-01 9.99999985e-01 9.99999986e-01 9.99999987e-01 9.99999990e-01 9.99999988e-01 9.99999986e-01 9.99999988e-01 9.99999987e-01 9.99999986e-01 9.99999989e-01 9.99999989e-01 9.99999987e-01 9.99999986e-01 9.99999985e-01 9.99999984e-01
9.99999984e-01 9.99999985e-01 9.99999985e-01 9.99999986e-01 9.99999987e-01 9.99999986e-01 9.99999986e-01 9.99999993e-01 9.99999995e-01 9.99999990e-01 9.99999985e-01 9.99999987e-01 9.99999986e-01 9.99999986e-01 9.99999985e-01 9.99999985e-01 9.99999985e-01 9.99999985e-01 9.99999986e-01 9.99999986e-01 9.99999987e-01 9.99999985e-01 9.99999990e-01 9.99999995e-01 9.99999993e-01 9.99999986e-01 9.99999986e-01 9.99999987e-01 9.99999986e-01 9.99999985e-01 9.99999985e-01 9.99999984e-01
9.99999984e-01 9.99999985e-01 9.99999985e-01 9.99999985e-01 9.99999986e-01 9.99999985e-01 9.99999989e-01 9.99999994e-01 9.99999994e-01 9.99999993e-01 9.99999986e-01 9.99999985e-01 9.99999985e-01 9.99999985e-01 9.99999985e-01 9.99999985e-01 9.99999985e-01 9.99999985e-01 9.99999985e-01 9.99999985e-01 9.99999985e-01 9.99999986e-01 9.99999993e-01 9.99999994e-01 9.99999994e-01 9.99999989e-01 9.99999985e-01 9.99999986e-01 9.99999985e-01 9.99999985e-01 9.99999985e-01 9.99999984e-01
9.99999984e-01 9.99999985e-01 9.99999985e-01 9.99999985e-01 9.99999985e-01 9.99999985e-01 9.99999989e-01 9.99999985e-01 9.99999982e-01 9.99999989e-01 9.99999987e-01 9.99999985e-01 9.99999985e-01 9.99999985e-01 9.99999985e-01 9.99999985e-01 9.99999985e-01 9.99999985e-01 9.99999985e-01 9.99999985e-01 9.99999985e-01 9.99999987e-01 9.99999989e-01 9.99999982e-01 9.99999985e-01 9.99999989e-01 9.99999985e-01 9.99999985e-01 9.99999985e-01 9.99999985e-01 9.99999985e-01 9.99999984e-01
9.99999984e-01 9.99999985e-01 9.99999985e-01 9.99999985e-01 9.99999985e-01 9.99999985e-01 9.99999986e-01 9.99999975e-01 9.99999971e-01 9.99999981e-01 9.99999987e-01 9.99999984e-01 9.99999985e-01 9.99999985e-01 9.99999985e-01 9.99999985e-01 9.99999985e-01 9.99999985e-01 9.99999985e-01 9.99999985e-01 9.99999984e-01 9.99999987e-01 9.99999981e-01 9.99999971e-01 9.99999975e-01 9.99999986e-01 9.99999985e-01 9.99999985e-01 9.99999985e-01 9.99999985e-01 9.99999985e-01 9.99999984e-01
9.99999984e-01 9.99999985e-01 9.99999985e-01 9.99999985e-01 9.99999985e-01 9.99999985e-01 9.99999981e-01 9.99999973e-01 9.99999972e-01 9.99999976e-01 9.99999985e-01 9.99999985e-01 9.99999985e-01 9.99999985e-01 9.99999985e-01 9.99999985e-01 9.99999985e-01 9.99999985e-01 9.99999985e-01 9.99999985e-01 9.99999985e-01 9.99999985e-01 9.99999976e-01 9.99999972e-01 9.99999973e-01 9.99999981e-01 9.99999985e-01 9.99999985e-01 9.99999985e-01 9.99999985e-01 9.99999985e-01 9.99999984e-01
9.99999984e-01 9.99999985e-01 9.99999985e-01 9.99999985e-01 9.99999984e-01 9.99999985e-01 9.99999980e-01 9.99999980e-01 9.99999982e-01 9.99999979e-01 9.99999983e-01 9.99999985e-01 9.99999985e-01 9.99999985e-01 9.99999985e-01 9.99999984e-01 9.99999984e-01 9.99999985e-01 9.99999985e-01 9.99999985e-01 9.99999985e-01 9.99999983e-01 9.99999979e-01 9.99999982e-01 9.99999980e-01 9.99999980e-01 9.99999985e-01 9.99999984e-01 9.99999985e-01 9.99999985e-01 9.99999985e-01 9.99999984e-01
9.99999984e-01 9.99999984e-01 9.99999985e-01 9.99999985e-01 9.99999985e-01 9.99999984e-01 9.99999982e-01 9.99999987e-01 9.99999988e-01 9.99999984e-01 9.99999983e-01 9.99999985e-01 9.99999985e-01 9.99999985e-01 9.99999985e-01 9.99999984e-01 9.99999984e-01 9.99999985e-01 9.99999985e-01 9.99999985e-01 9.99999985e-01 9.99999983e-01 9.99999984e-01 9.99999988e-01 9.99999987e-01 9.99999982e-01 9.99999984e-01 9.99999985e-01 9.99999985e-01 9.99999985e-01 9.99999984e-01 9.99999984e-01
9.99999984e-01 9.99999984e-01 9.99999984e-01 9.99999985e-01 9.99999985e-01 9.99999984e-01 9.99999984e-01 9.99999984e-01 9.99999981e-01 9.99999986e-01 9.99999984e-01 9.99999985e-01 9.99999984e-01 9.99999985e-01 9.99999984e-01 9.99999984e-01 9.99999984e-01 9.99999984e-01 9.99999985e-01 9.99999984e-01 9.99999985e-01 9.99999984e-01 9.99999986e-01 9.99999981e-01 9.99999984e-01 9.99999984e-01 9.99999984e-01 9.99999985e-01 9.99999985e-01 9.99999984e-01 9.99999984e-01 9.99999984e-01
9.99999984e-01 9.99999984e-01 9.99999984e-01 9.99999984e-01 9.99999985e-01 9.99999984e-01 9.99999984e-01 9.99999972e-01 9.99999965e-01 9.99999981e-01 9.99999984e-01 9.99999984e-01 9.99999984e-01 9.99999984e-01 9.99999984e-01 9.99999984e-01 9.99999984e-01 9.99999984e-01 9.99999984e-01 9.99999984e-01 9.99999984e-01 9.99999984e-01 9.99999981e-01 9.99999965e-01 9.99999972e-01 9.99999984e-01 9.99999984e-01 9.99999985e-01 9.99999984e-01 9.99999984e-01 9.99999984e-01 9.99999984e-01
9.99999984e-01 9.99999984e-01 9.99999984e-01 9.99999984e-01 9.99999985e-01 9.99999984e-01 9.99999982e-01 9.99999962e-01 9.99999953e-01 9.99999974e-01 9.99999984e-01 9.99999984e-01 9.99999984e-01 9.99999984e-01 9.99999984e-01 9.99999984e-01 9.99999984e-01 9.99999984e-01 9.99999984e-01 9.99999984e-01 9.99999984e-01 9.99999984e-01 9.99999974e-01 9.99999953e-01 9.99999962e-01 9.99999982e-01 9.99999984e-01 9.99999985e-01 9.99999984e-01 9.99999984e-01 9.99999984e-01 9.99999984e-01
9.99999984e-01 9.99999984e-01 9.99999984e-01 9.99999984e-01 9.99999984e-01 9.99999984e-01 9.99999980e-01 9.99999958e-01 9.99999951e-01 9.99999970e-01 9.99999984e-01 9.99999984e-01 9.99999984e-01 9.99999984e-01 9.99999984e-01 9.99999984e-01 9.99999984e-01 9.99999984e-01 9.99999984e-01 9.99999984e-01 9.99999984e-01 9.99999984e-01 9.99999970e-01 9.99999951e-01 9.99999958e-01 9.99999980e-01 9.99999984e-01 9.99999984e-01 9.99999984e-01 9.99999984e-01 9.99999984e-01 9.99999984e-01
9.99999984e-01 9.99999984e-01 9.99999984e-01 9.99999984e-01 9.99999984e-01 9.99999984e-01 9.99999978e-01 9.99999959e-01 9.99999952e-01 9.99999969e-01 9.99999983e-01 9.99999984e-01 9.99999984e-01 9.99999984e-01 9.99999984e-01 9.99999984e-01 9.99999984e-01 9.99999984e-01 9.99999984e-01 9.99999984e-01 9.99999984e-01 9.99999983e-01 9.99999969e-01 9.99999952e-01 9.99999959e-01 9.99999978e-01 9.99999984e-01 9.99999984e-01 9.99999984e-01 9.99999984e-01 9.99999984e-01 9.99999984e-01
9.99999984e-01 9.99999984e-01 9.99999984e-01 9.99999984e-01 9.99999984e-01 9.99999984e-01 9.99999977e-01 9.99999954e-01 9.99999943e-01 9.99999968e-01 9.99999983e-01 9.99999984e-01 9.99999984e-01 9.99999984e-01 9.99999984e-01 9.99999984e-01 9.99999984e-01 9.99999984e-01 9.99999984e-01 9.99999984e-01 9.99999984e-01 9.99999983e-01 9.99999968e-01 9.99999943e-01 9.99999954e-01 9.99999977e-01 9.99999984e-01 9.99999984e-01 9.99999984e-01 9.99999984e-01 9.99999984e-01 9.99999984e-01
