# mapa variacional (Lambda, theta) | filas = Lambda (32), columnas = theta (32) | sector=even, sign=+1, N_FOCK=50, r_thresh=1e-05
-0.00000000e+00 6.32559229e-09 2.02557963e-08 3.31200601e-08 3.73479630e-08 3.04803812e-08 1.65174453e-08 3.73107077e-09 4.64719615e-10 9.40970354e-09 2.39222951e-08 3.51930648e-08 3.66204538e-08 2.73747993e-08 1.28535835e-08 1.74292343e-09 1.74292343e-09 1.28535835e-08 2.73747993e-08 3.66204538e-08 3.51930648e-08 2.39222951e-08 9.40970354e-09 4.64719615e-10 3.73107077e-09 1.65174453e-08 3.04803812e-08 3.73479630e-08 3.31200601e-08 2.02557963e-08 6.32559229e-09 -0.00000000e+00
3.20342650e-16 2.50271376e-06 7.85222432e-06 1.27179593e-05 1.43070455e-05 1.17235506e-05 6.42726130e-06 1.48869958e-06 1.90915214e-07 3.69818776e-06 9.24442489e-06 1.34976445e-05 1.40339078e-05 1.05511804e-05 5.02425079e-06 7.03382188e-07 7.03382188e-07 5.02425079e-06 1.05511804e-05 1.40339078e-05 1.34976479e-05 9.24442489e-06 3.69818776e-06 1.90915214e-07 1.48869958e-06 6.42726130e-06 1.17235506e-05 1.43070455e-05 1.27179593e-05 7.85222432e-06 2.50271376e-06 3.20342650e-16
-0.00000000e+00 2.17024796e-05 6.72688822e-05 1.08318283e-04 1.21669272e-04 9.99510013e-05 5.51875915e-05 1.29724851e-05 1.69102134e-06 3.19439133e-05 7.90435289e-05 1.14871954e-04 1.19376137e-04 9.00727924e-05 4.32579139e-05 6.16896533e-06 6.16896533e-06 4.32579139e-05 9.00727924e-05 1.19376137e-04 1.14871954e-04 7.90435289e-05 3.19439133e-05 1.69102134e-06 1.29724851e-05 5.51875915e-05 9.99510013e-05 1.21669272e-04 1.08318283e-04 6.72688822e-05 2.17024796e-05 -0.00000000e+00
-0.00000000e+00 8.03856651e-05 2.46670396e-04 3.95166658e-04 4.43270954e-04 3.64974133e-04 2.02763668e-04 4.82364918e-05 6.36738708e-06 1.17945651e-04 2.89366323e-04 4.18790565e-04 4.35014705e-04 3.29282173e-04 1.59294922e-04 2.30543224e-05 2.30543224e-05 1.59294922e-04 3.29282173e-04 4.35014705e-04 4.18790565e-04 2.89366323e-04 1.17945651e-04 6.36738708e-06 4.82364918e-05 2.02763668e-04 3.64974129e-04 4.43270954e-04 3.95166658e-04 2.46670396e-04 8.03856641e-05 -0.00000000e+00
6.40685301e-16 1.98518951e-04 6.03394656e-04 9.61440162e-04 1.07685422e-03 8.88864253e-04 4.96957073e-04 1.19530583e-04 1.59448199e-05 2.90439182e-04 7.06631894e-04 1.01815251e-03 1.05706401e-03 8.02927788e-04 3.91280358e-04 5.73740956e-05 5.73740956e-05 3.91280358e-04 8.02927788e-04 1.05706401e-03 1.01815251e-03 7.06631894e-04 2.90439182e-04 1.59448199e-05 1.19530583e-04 4.96957073e-04 8.88864296e-04 1.07685422e-03 9.61440162e-04 6.03394656e-04 1.98518951e-04 6.40685301e-16
3.20342650e-16 3.77639117e-04 1.13606928e-03 1.79796343e-03 2.00974071e-03 1.66440482e-03 9.37796906e-04 2.28115579e-04 3.07050473e-05 5.50899974e-04 1.32770050e-03 1.90212057e-03 1.97348010e-03 1.50586634e-03 7.40199645e-04 1.09912398e-04 1.09912398e-04 7.40199645e-04 1.50586634e-03 1.97348010e-03 1.90212057e-03 1.32770050e-03 5.50899974e-04 3.07050473e-05 2.28115579e-04 9.37796906e-04 1.66440482e-03 2.00974071e-03 1.79796343e-03 1.13606928e-03 3.77639117e-04 3.20342650e-16
-6.40685301e-16 5.79913838e-04 1.72219887e-03 2.69855260e-03 3.00701386e-03 2.50304371e-03 1.42606559e-03 3.51474689e-04 4.76796961e-05 8.43191249e-04 2.00679696e-03 2.85049814e-03 2.95433344e-03 2.26998564e-03 1.12922179e-03 1.69949087e-04 1.69949087e-04 1.12922179e-03 2.26998564e-03 2.95433344e-03 2.85049814e-03 2.00679696e-03 8.43191249e-04 4.76796961e-05 3.51474689e-04 1.42606559e-03 2.50304371e-03 3.00701386e-03 2.69855260e-03 1.72219887e-03 5.79913838e-04 -6.40685301e-16
3.20342650e-16 7.10539591e-04 2.07177954e-03 3.19584197e-03 3.54347184e-03 2.97365309e-03 1.72366535e-03 4.32319361e-04 5.90377735e-05 1.02869942e-03 2.40317891e-03 3.36752773e-03 3.48435450e-03 2.70690037e-03 1.37135581e-03 2.09761117e-04 2.09761117e-04 1.37135581e-03 2.70690037e-03 3.48435451e-03 3.36752773e-03 2.40317890e-03 1.02869942e-03 5.90377735e-05 4.32319361e-04 1.72366535e-03 2.97365309e-03 3.54347184e-03 3.19584196e-03 2.07177954e-03 7.10539591e-04 3.20342650e-16
-0.00000000e+00 6.44521505e-04 1.84198110e-03 2.80395051e-03 3.09987788e-03 2.61476629e-03 1.54004170e-03 3.93718660e-04 5.39928448e-05 9.28687287e-04 2.12725315e-03 2.95006957e-03 3.04952741e-03 2.38723821e-03 1.23165468e-03 1.91578148e-04 1.91578148e-04 1.23165468e-03 2.38723821e-03 3.04952741e-03 2.95006957e-03 2.12725315e-03 9.28687287e-04 5.39928448e-05 3.93718660e-04 1.54004170e-03 2.61476629e-03 3.09987788e-03 2.80395044e-03 1.84198110e-03 6.44521505e-04 -0.00000000e+00
-0.00000000e+00 4.30567503e-04 1.40442439e-03 2.50642152e-03 2.93476176e-03 2.25734872e-03 1.12803033e-03 2.57890976e-04 3.44518469e-05 6.36207683e-04 1.69204510e-03 2.71172949e-03 2.85833671e-03 1.98073850e-03 8.70183267e-04 1.23627161e-04 1.23627166e-04 8.70183267e-04 1.98073850e-03 2.85833676e-03 2.71172956e-03 1.69204510e-03 6.36207683e-04 3.44518469e-05 2.57890976e-04 1.12803033e-03 2.25734865e-03 2.93476176e-03 2.50642146e-03 1.40442439e-03 4.30567500e-04 -0.00000000e+00
-0.00000000e+00 9.76172824e-04 4.24800821e-03 8.96822741e-03 1.09151148e-02 7.85452913e-03 3.19547938e-03 5.46970026e-04 6.71667581e-05 1.55365276e-03 5.41548072e-03 9.89746417e-03 1.05656133e-02 6.64215342e-03 2.29261257e-03 2.48784956e-04 2.48784956e-04 2.29261257e-03 6.64215342e-03 1.05656133e-02 9.89746417e-03 5.41548072e-03 1.55365276e-03 6.71667581e-05 5.46970026e-04 3.19547938e-03 7.85452912e-03 1.09151148e-02 8.96822749e-03 4.24800820e-03 9.76172823e-04 -0.00000000e+00
6.40685301e-16 4.71133947e-03 1.85550411e-02 3.63550092e-02 4.32757834e-02 3.23018350e-02 1.42994790e-02 2.70430712e-03 3.48466822e-04 7.31338027e-03 2.31278745e-02 3.96825937e-02 4.20474503e-02 2.77981441e-02 1.05208670e-02 1.25917671e-03 1.25917671e-03 1.05208670e-02 2.77981441e-02 4.20474503e-02 3.96825937e-02 2.31278745e-02 7.31338027e-03 3.48466822e-04 2.70430712e-03 1.42994790e-02 3.23018350e-02 4.32757834e-02 3.63550092e-02 1.85550411e-02 4.71133947e-03 6.40685301e-16
-0.00000000e+00 1.57165046e-02 5.66128666e-02 1.04003870e-01 1.21434819e-01 9.35659468e-02 4.45562815e-02 9.23087312e-03 1.24721508e-03 2.38391835e-02 6.92070321e-02 1.12443455e-01 1.18374841e-01 8.17446389e-02 3.35183093e-02 4.39753687e-03 4.39753687e-03 3.35183093e-02 8.17446389e-02 1.18374841e-01 1.12443455e-01 6.92070321e-02 2.38391835e-02 1.24721508e-03 9.23087312e-03 4.45562815e-02 9.35659468e-02 1.21434819e-01 1.04003870e-01 5.66128666e-02 1.57165046e-02 -0.00000000e+00
3.20342650e-16 4.02728790e-02 1.33686930e-01 2.30739524e-01 2.64248498e-01 2.10155931e-01 1.07305800e-01 2.41498743e-02 3.41071511e-03 5.98274422e-02 1.60435865e-01 2.47094011e-01 2.58440806e-01 1.86336842e-01 8.23882870e-02 1.17493015e-02 1.17493015e-02 8.23882870e-02 1.86336842e-01 2.58440806e-01 2.47094011e-01 1.60435868e-01 5.98274422e-02 3.41071511e-03 2.41498743e-02 1.07305800e-01 2.10155936e-01 2.64248498e-01 2.30739524e-01 1.33686933e-01 4.02728790e-02 3.20342650e-16
3.20342650e-16 8.81278058e-02 2.65443149e-01 4.25341816e-01 4.76186251e-01 3.93079465e-01 2.18138755e-01 5.41389591e-02 8.03707121e-03 1.27743035e-01 3.11590181e-01 4.50408571e-01 4.67516894e-01 3.54696835e-01 1.71622129e-01 2.69802784e-02 2.69802784e-02 1.71622129e-01 3.54696835e-01 4.67516894e-01 4.50408571e-01 3.11590181e-01 1.27743035e-01 8.03707121e-03 5.41389591e-02 2.18138755e-01 3.93079465e-01 4.76186251e-01 4.25341816e-01 2.65443149e-01 8.81278058e-02 3.20342650e-16
3.20342650e-16 1.81706030e-01 4.73971748e-01 6.86107569e-01 7.46144136e-01 6.46318919e-01 4.02997758e-01 1.15708592e-01 1.84175373e-02 2.53854781e-01 5.39271034e-01 7.16099292e-01 7.36127533e-01 5.97125477e-01 3.28683390e-01 5.96979041e-02 5.96979041e-02 3.28683389e-01 5.97125478e-01 7.36127532e-01 7.16099293e-01 5.39271033e-01 2.53854781e-01 1.84175373e-02 1.15708592e-01 4.02997758e-01 6.46318920e-01 7.46144136e-01 6.86107568e-01 4.73971747e-01 1.81706030e-01 3.20342650e-16
-0.00000000e+00 4.01614756e-01 7.93228239e-01 9.45379836e-01 9.73173498e-01 9.23536445e-01 7.20319905e-01 2.73801963e-01 4.93978657e-02 5.22616777e-01 8.49891697e-01 9.60016726e-01 9.68950878e-01 8.92496138e-01 6.29934284e-01 1.50599711e-01 1.50599711e-01 6.29934284e-01 8.92496138e-01 9.68950878e-01 9.60016726e-01 8.49891697e-01 5.22616777e-01 4.93978657e-02 2.73801963e-01 7.20319905e-01 9.23536445e-01 9.73173498e-01 9.45379836e-01 7.93228239e-01 4.01614756e-01 -0.00000000e+00
3.20342650e-16 4.55701803e-01 8.49814450e-01 9.70497550e-01 9.87261251e-01 9.55663244e-01 7.82682827e-01 3.14820927e-01 5.81868202e-02 5.84699392e-01 8.98654214e-01 9.79671929e-01 9.84901968e-01 9.32748385e-01 6.94554119e-01 1.75305425e-01 1.75305425e-01 6.94554119e-01 9.32748385e-01 9.84901968e-01 9.79671929e-01 8.98654214e-01 5.84699392e-01 5.81868202e-02 3.14820927e-01 7.82682827e-01 9.55663244e-01 9.87261251e-01 9.70497550e-01 8.49814450e-01 4.55701803e-01 3.20342650e-16
-0.00000000e+00 4.94812527e-01 8.83892289e-01 9.82684038e-01 9.93582291e-01 9.72023671e-01 8.22300853e-01 3.45418160e-01 6.50452155e-02 6.27949645e-01 9.26411597e-01 9.88845350e-01 9.92152718e-01 9.54393726e-01 7.37662789e-01 1.94202809e-01 1.94202809e-01 7.37662789e-01 9.54393726e-01 9.92152718e-01 9.88845350e-01 9.26411597e-01 6.27949645e-01 6.50452155e-02 3.45418160e-01 8.22300853e-01 9.72023671e-01 9.93582291e-01 9.82684038e-01 8.83892289e-01 4.94812527e-01 -0.00000000e+00
-0.00000000e+00 5.29369811e-01 9.09144489e-01 9.89727505e-01 9.96807433e-01 9.82089249e-01 8.53273322e-01 3.73219309e-01 7.15255495e-02 6.64877567e-01 9.45803442e-01 9.93857975e-01 9.95944675e-01 9.68595358e-01 7.72998219e-01 2.11756559e-01 2.11756559e-01 7.72998219e-01 9.68595358e-01 9.95944675e-01 9.93857975e-01 9.45803442e-01 6.64877567e-01 7.15255495e-02 3.73219309e-01 8.53273322e-01 9.82089249e-01 9.96807433e-01 9.89727505e-01 9.09144489e-01 5.29369811e-01 -0.00000000e+00
3.20342650e-16 5.61493200e-01 9.28882962e-01 9.93935975e-01 9.98453600e-01 9.88550328e-01 8.78819456e-01 3.99762331e-01 7.79453320e-02 6.98088538e-01 9.60072876e-01 9.96656030e-01 9.97945452e-01 9.78376134e-01 8.03537686e-01 2.28870340e-01 2.28870340e-01 8.03537686e-01 9.78376134e-01 9.97945452e-01 9.96656030e-01 9.60072876e-01 6.98088538e-01 7.79453320e-02 3.99762331e-01 8.78819456e-01 9.88550328e-01 9.98453600e-01 9.93935975e-01 9.28882962e-01 5.61493200e-01 3.20342650e-16
6.40685301e-16 5.91913959e-01 9.44592536e-01 9.96460532e-01 9.99274538e-01 9.92741409e-01 9.00285844e-01 4.25571921e-01 8.44177108e-02 7.28522474e-01 9.70751255e-01 9.98209765e-01 9.98984735e-01 9.85210863e-01 8.30433240e-01 2.45857302e-01 2.45857302e-01 8.30433240e-01 9.85210863e-01 9.98984735e-01 9.98209765e-01 9.70751255e-01 7.28522474e-01 8.44177108e-02 4.25571921e-01 9.00285844e-01 9.92741409e-01 9.99274538e-01 9.96460532e-01 9.44592536e-01 5.91913959e-01 6.40685301e-16
3.20342650e-16 6.20923793e-01 9.57145759e-01 9.97964286e-01 9.99671172e-01 9.95454086e-01 9.18415512e-01 4.50850173e-01 9.09904252e-02 7.56594361e-01 9.78763601e-01 9.99060019e-01 9.99511702e-01 9.89990629e-01 8.54259751e-01 2.62841949e-01 2.62841949e-01 8.54259751e-01 9.89990629e-01 9.99511702e-01 9.99060019e-01 9.78763601e-01 7.56594361e-01 9.09904252e-02 4.50850173e-01 9.18415512e-01 9.95454086e-01 9.99671172e-01 9.97964286e-01 9.57145759e-01 6.20923793e-01 3.20342650e-16
-0.00000000e+00 6.48637931e-01 9.67146671e-01 9.98848831e-01 9.99856147e-01 9.97194463e-01 9.33704138e-01 4.75666955e-01 9.76837864e-02 7.82512173e-01 9.84747748e-01 9.99516649e-01 9.99771615e-01 9.93311804e-01 8.75364037e-01 2.79870329e-01 2.79870329e-01 8.75364037e-01 9.93311804e-01 9.99771615e-01 9.99516649e-01 9.84747748e-01 7.82512173e-01 9.76837864e-02 4.75666955e-01 9.33704138e-01 9.97194463e-01 9.99856147e-01 9.98848831e-01 9.67146671e-01 6.48637931e-01 -0.00000000e+00
-6.40685301e-16 6.75094367e-01 9.75059119e-01 9.99360982e-01 9.99939283e-01 9.98296740e-01 9.46532029e-01 5.00031635e-01 1.04504934e-01 8.06396420e-01 9.89177615e-01 9.99756817e-01 9.99896146e-01 9.95594701e-01 8.93995102e-01 2.96951449e-01 2.96951449e-01 8.93995102e-01 9.95594701e-01 9.99896146e-01 9.99756817e-01 9.89177615e-01 8.06396420e-01 1.04504934e-01 5.00031635e-01 9.46532029e-01 9.98296740e-01 9.99939283e-01 9.99360982e-01 9.75059119e-01 6.75094367e-01 -6.40685301e-16
-6.40685301e-16 7.00298306e-01 9.81261600e-01 9.99652218e-01 9.99975274e-01 9.98984044e-01 9.57219586e-01 5.23925462e-01 1.11454306e-01 8.28332733e-01 9.92419489e-01 9.99880376e-01 9.99954084e-01 9.97142723e-01 9.10359909e-01 3.14076026e-01 3.14076026e-01 9.10359909e-01 9.97142723e-01 9.99954084e-01 9.99880376e-01 9.92419489e-01 8.28332733e-01 1.11454306e-01 5.23925462e-01 9.57219586e-01 9.98984044e-01 9.99975274e-01 9.99652218e-01 9.81261600e-01 7.00298306e-01 -6.40685301e-16
-0.00000000e+00 7.24243845e-01 9.86072301e-01 9.99814604e-01 9.99990283e-01 9.99405150e-01 9.66051179e-01 5.47317689e-01 1.18528917e-01 8.48396462e-01 9.94761136e-01 9.99942502e-01 9.99980261e-01 9.98176370e-01 9.24648078e-01 3.31225907e-01 3.31225907e-01 9.24648078e-01 9.98176370e-01 9.99980261e-01 9.99942502e-01 9.94761136e-01 8.48396462e-01 1.18528917e-01 5.47317689e-01 9.66051179e-01 9.99405150e-01 9.99990283e-01 9.99814604e-01 9.86072301e-01 7.24243845e-01 -0.00000000e+00
3.20342650e-16 7.46924715e-01 9.89761169e-01 9.99903271e-01 9.99996314e-01 9.99658334e-01 9.73284793e-01 5.70173909e-01 1.25724100e-01 8.66663924e-01 9.96428932e-01 9.99973012e-01 9.99991748e-01 9.98855202e-01 9.37042018e-01 3.48379024e-01 3.48379024e-01 9.37042018e-01 9.98855202e-01 9.99991748e-01 9.99973012e-01 9.96428932e-01 8.66663924e-01 1.25724100e-01 5.70173909e-01 9.73284793e-01 9.99658334e-01 9.99996314e-01 9.99903271e-01 9.89761169e-01 7.46924715e-01 3.20342650e-16
-0.00000000e+00 7.68339523e-01 9.92556500e-01 9.99950637e-01 9.99998650e-01 9.99807581e-01 9.79155350e-01 5.92460394e-01 1.33034438e-01 8.83217021e-01 9.97599576e-01 9.99987636e-01 9.99996645e-01 9.99293373e-01 9.47720141e-01 3.65512027e-01 3.65512027e-01 9.47720141e-01 9.99293373e-01 9.99996645e-01 9.99987636e-01 9.97599576e-01 8.83217021e-01 1.33034438e-01 5.92460394e-01 9.79155350e-01 9.99807581e-01 9.99998650e-01 9.99950637e-01 9.92556500e-01 7.68339523e-01 -0.00000000e+00
-0.00000000e+00 7.88493183e-01 9.94649088e-01 9.99975371e-01 9.99999523e-01 9.99893771e-01 9.83874848e-01 6.14145773e-01 1.40454227e-01 8.98143459e-01 9.98409011e-01 9.99994475e-01 9.99998674e-01 9.99571194e-01 9.56855940e-01 3.82601468e-01 3.82601468e-01 9.56855940e-01 9.99571194e-01 9.99998674e-01 9.99994475e-01 9.98409011e-01 8.98143459e-01 1.40454227e-01 6.14145773e-01 9.83874848e-01 9.99893771e-01 9.99999523e-01 9.99975371e-01 9.94649088e-01 7.88493183e-01 -0.00000000e+00
-0.00000000e+00 8.07398669e-01 9.96196642e-01 9.99987990e-01 9.99999837e-01 9.99942527e-01 9.87633245e-01 6.35202667e-01 1.47977741e-01 9.11537488e-01 9.98960339e-01 9.99997592e-01 9.99999490e-01 9.99744217e-01 9.64617723e-01 3.99624689e-01 3.99624689e-01 9.64617723e-01 9.99744217e-01 9.99999490e-01 9.99997592e-01 9.98960339e-01 9.11537488e-01 1.47977741e-01 6.35202667e-01 9.87633245e-01 9.99942527e-01 9.99999837e-01 9.99987990e-01 9.96196642e-01 8.07398669e-01 -0.00000000e+00
3.20342650e-16 8.25075803e-01 9.97327132e-01 9.99994279e-01 9.99999946e-01 9.99969531e-01 9.90597774e-01 6.55607431e-01 1.55599318e-01 9.23497311e-01 9.99330205e-01 9.99998977e-01 9.99999810e-01 9.99850034e-01 9.71165678e-01 4.16559903e-01 4.16559903e-01 9.71165678e-01 9.99850034e-01 9.99999810e-01 9.99998977e-01 9.99330205e-01 9.23497311e-01 1.55599318e-01 6.55607431e-01 9.90597774e-01 9.99969531e-01 9.99999946e-01 9.99994279e-01 9.97327132e-01 8.25075803e-01 3.20342650e-16
