# mapa exacto (Lambda, theta) | filas = Lambda (32), columnas = theta (32) | sector=even, sign=+1, nph_wig=85
8.03723754e-12 8.04434297e-12 8.06499312e-12 8.09607936e-12 8.13304979e-12 8.17002022e-12 8.20077339e-12 8.22009127e-12 8.22408808e-12 8.21209767e-12 8.18667356e-12 8.15203460e-12 8.11417600e-12 8.07953704e-12 8.05322475e-12 8.03912492e-12 8.03912492e-12 8.05333578e-12 8.07953704e-12 8.11417600e-12 8.15203460e-12 8.18667356e-12 8.21209767e-12 8.22408808e-12 8.22009127e-12 8.20077339e-12 8.17002022e-12 8.13304979e-12 8.09607936e-12 8.06510414e-12 8.04445399e-12 8.03723754e-12
2.34436914e-11 2.40416576e-11 2.60076405e-11 2.96901392e-11 3.51896290e-11 4.19173585e-11 4.84585705e-11 5.29696287e-11 5.39650546e-11 5.10784748e-11 4.53247440e-11 3.84707821e-11 3.22296634e-11 2.76167977e-11 2.48316923e-11 2.35904629e-11 2.35904629e-11 2.48316923e-11 2.76165757e-11 3.22297744e-11 3.84707821e-11 4.53248550e-11 5.10784748e-11 5.39650546e-11 5.29696287e-11 4.84583484e-11 4.19172475e-11 3.51898510e-11 2.96901392e-11 2.60076405e-11 2.40417686e-11 2.34436914e-11
6.66482425e-11 7.39689421e-11 1.02325370e-10 1.67738046e-10 2.87970314e-10 5.06301643e-08 1.63353873e-06 7.10324755e-06 9.25108766e-06 4.07229175e-06 4.07324903e-07 2.20689755e-09 2.19616103e-10 1.29249389e-10 8.46596127e-11 6.83727519e-11 6.83727519e-11 8.46596127e-11 1.29249500e-10 2.19616103e-10 2.20689755e-09 4.07324903e-07 4.07229175e-06 9.25108766e-06 7.10324755e-06 1.63353873e-06 5.06301643e-08 2.87970314e-10 1.67738046e-10 1.02325481e-10 7.39688311e-11 6.66484645e-11
1.84598448e-10 2.40284015e-10 4.89540852e-10 1.17793131e-09 5.15613719e-08 5.41617565e-05 4.78135837e-04 1.18673544e-03 1.39571301e-03 8.40911159e-04 2.01833096e-04 6.30980272e-06 1.79674586e-09 7.57778618e-10 3.29075212e-10 1.97251104e-10 1.97251104e-10 3.29075212e-10 7.57778507e-10 1.79674586e-09 6.30980272e-06 2.01833096e-04 8.40911159e-04 1.39571301e-03 1.18673544e-03 4.78135837e-04 5.41617565e-05 5.15613718e-08 1.17793142e-09 4.89540852e-10 2.40284126e-10 1.84598337e-10
4.97972108e-10 8.18643486e-10 2.47233345e-09 7.94185828e-09 2.56903296e-06 9.09414434e-04 4.93225484e-03 9.96533803e-03 1.13036633e-02 7.63544844e-03 2.53573917e-03 1.65001790e-04 1.35160967e-08 4.48406068e-09 1.37499701e-09 5.68305847e-10 5.68305847e-10 1.37499701e-09 4.48406068e-09 1.35160965e-08 1.65001790e-04 2.53573917e-03 7.63544844e-03 1.13036633e-02 9.96533803e-03 4.93225484e-03 9.09414434e-04 2.56903296e-06 7.94185839e-09 2.47233345e-09 8.18643597e-10 4.97972108e-10
1.30798172e-09 2.81578771e-09 1.18265420e-08 4.75060767e-08 1.81718384e-05 3.73102915e-03 1.62637074e-02 3.01700081e-02 3.37341913e-02 2.38472496e-02 9.09833202e-03 8.33014966e-04 8.83647726e-08 2.42087614e-08 5.67015890e-09 1.62653313e-09 1.62653291e-09 5.67015912e-09 2.42087612e-08 8.83647727e-08 8.33014966e-04 9.09833202e-03 2.38472496e-02 3.37341913e-02 3.01700081e-02 1.62637074e-02 3.73102915e-03 1.81718384e-05 4.75060764e-08 1.18265422e-08 2.81578771e-09 1.30798183e-09
3.34439487e-09 9.38809253e-09 5.13653876e-08 2.47877701e-07 5.25043796e-05 8.07070553e-03 3.17636787e-02 5.71295593e-02 6.37060095e-02 4.56290279e-02 1.84491695e-02 2.00691349e-03 4.95817034e-07 1.16032314e-07 2.18979546e-08 4.57106308e-09 4.57106331e-09 2.18979547e-08 1.16032314e-07 4.95817034e-07 2.00691349e-03 1.84491695e-02 4.56290279e-02 6.37060095e-02 5.71295593e-02 3.17636787e-02 8.07070553e-03 5.25043796e-05 2.47877701e-07 5.13653875e-08 9.38809253e-09 3.34439476e-09
8.32281377e-09 2.95857567e-08 2.00387637e-07 1.12314936e-06 9.79322653e-05 1.24044832e-02 4.67624026e-02 8.40253124e-02 9.38272155e-02 6.69987294e-02 2.74804246e-02 3.27749017e-03 2.37274450e-06 4.91087358e-07 7.76115093e-08 1.24641322e-08 1.24641321e-08 7.76115097e-08 4.91087358e-07 2.37274450e-06 3.27749017e-03 2.74804246e-02 6.69987294e-02 9.38272155e-02 8.40253124e-02 4.67624026e-02 1.24044832e-02 9.79322653e-05 1.12314936e-06 2.00387637e-07 2.95857567e-08 8.32281377e-09
2.01555750e-08 8.71555820e-08 7.01562316e-07 4.41048013e-06 1.51086794e-04 1.57542543e-02 5.84452141e-02 1.06332383e-01 1.19256604e-01 8.41929888e-02 3.43887565e-02 4.32261496e-03 9.64599464e-06 1.83453180e-06 2.51192297e-07 3.26925238e-08 3.26925240e-08 2.51192297e-07 1.83453180e-06 9.64599464e-06 4.32261496e-03 3.43887565e-02 8.41929888e-02 1.19256604e-01 1.06332383e-01 5.84452141e-02 1.57542543e-02 1.51086794e-04 4.41048013e-06 7.01562316e-07 8.71555822e-08 2.01555750e-08
4.74946997e-08 2.38988287e-07 2.20454105e-06 1.49743568e-05 2.29233338e-04 1.81638640e-02 6.67239134e-02 1.23350211e-01 1.39192298e-01 9.68458513e-02 3.92161867e-02 5.16848987e-03 3.32087719e-05 6.04342614e-06 7.41859065e-07 8.20463768e-08 8.20463767e-08 7.41859065e-07 6.04342614e-06 3.32087719e-05 5.16848987e-03 3.92161867e-02 9.68458513e-02 1.39192298e-01 1.23350211e-01 6.67239134e-02 1.81638640e-02 2.29233338e-04 1.49743568e-05 2.20454105e-06 2.38988287e-07 4.74947000e-08
1.08890331e-07 6.08672107e-07 6.20680733e-06 4.37867005e-05 3.81000518e-04 2.03356175e-02 7.34136277e-02 1.37353503e-01 1.55591864e-01 1.06905505e-01 4.32734392e-02 6.01963679e-03 9.64959990e-05 1.75017394e-05 1.99710924e-06 1.96378809e-07 1.96378809e-07 1.99710924e-06 1.75017394e-05 9.64959990e-05 6.01963679e-03 4.32734392e-02 1.06905505e-01 1.55591864e-01 1.37353503e-01 7.34136277e-02 2.03356175e-02 3.81000518e-04 4.37867005e-05 6.20680733e-06 6.08672107e-07 1.08890331e-07
2.42892075e-07 1.43821510e-06 1.56044705e-05 1.09750842e-04 6.71435286e-04 2.30666604e-02 8.12277867e-02 1.51344059e-01 1.72102834e-01 1.18071484e-01 4.82966149e-02 7.17011546e-03 2.35820928e-04 4.43479412e-05 4.89195203e-06 4.47643578e-07 4.47643578e-07 4.89195203e-06 4.43479412e-05 2.35820928e-04 7.17011546e-03 4.82966149e-02 1.18071484e-01 1.72102834e-01 1.51344059e-01 8.12277867e-02 2.30666604e-02 6.71435286e-04 1.09750842e-04 1.56044705e-05 1.43821510e-06 2.42892075e-07
5.27131583e-07 3.15898931e-06 3.49614358e-05 2.35189708e-04 1.13449983e-03 2.68023076e-02 9.17454222e-02 1.69198277e-01 1.91962510e-01 1.32401568e-01 5.50938123e-02 8.73808656e-03 4.83975596e-04 9.80224709e-05 1.09060080e-05 9.73135808e-07 9.73135808e-07 1.09060080e-05 9.80224709e-05 4.83975596e-04 8.73808656e-03 5.50938123e-02 1.32401568e-01 1.91962510e-01 1.69198277e-01 9.17454222e-02 2.68023076e-02 1.13449983e-03 2.35189708e-04 3.49614358e-05 3.15898931e-06 5.27131583e-07
1.11307478e-06 6.50273513e-06 7.01266706e-05 4.33159185e-04 1.72344825e-03 3.11336357e-02 1.04813531e-01 1.90814778e-01 2.15412627e-01 1.49978531e-01 6.33226581e-02 1.05513886e-02 8.39417674e-04 1.89811021e-04 2.22741083e-05 2.02832340e-06 2.02832340e-06 2.22741083e-05 1.89811021e-04 8.39417674e-04 1.05513886e-02 6.33226581e-02 1.49978531e-01 2.15412627e-01 1.90814778e-01 1.04813531e-01 3.11336357e-02 1.72344825e-03 4.33159185e-04 7.01266706e-05 6.50273513e-06 1.11307478e-06
2.28698563e-06 1.27265362e-05 1.27865146e-04 6.98848173e-04 2.32789056e-03 3.50873118e-02 1.17662436e-01 2.13766778e-01 2.40465635e-01 1.68688090e-01 7.10529793e-02 1.22099151e-02 1.25902243e-03 3.27463654e-04 4.23078520e-05 4.08650069e-06 4.08650069e-06 4.23078520e-05 3.27463654e-04 1.25902243e-03 1.22099151e-02 7.10529793e-02 1.68688090e-01 2.40465635e-01 2.13766778e-01 1.17662436e-01 3.50873118e-02 2.32789056e-03 6.98848173e-04 1.27865146e-04 1.27265362e-05 2.28698563e-06
4.57285050e-06 2.40469512e-05 2.17102777e-04 1.02310718e-03 2.91055360e-03 3.78898344e-02 1.28212237e-01 2.34870889e-01 2.65241591e-01 1.85062322e-01 7.68584573e-02 1.34461689e-02 1.71140273e-03 5.18011739e-04 7.62433887e-05 8.01550009e-06 8.01550009e-06 7.62433887e-05 5.18011739e-04 1.71140273e-03 1.34461689e-02 7.68584573e-02 1.85062322e-01 2.65241591e-01 2.34870889e-01 1.28212237e-01 3.78898344e-02 2.91055360e-03 1.02310718e-03 2.17102777e-04 2.40469512e-05 4.57285050e-06
8.89943959e-06 4.43252498e-05 3.52270336e-04 1.42577302e-03 3.62104866e-03 3.94143108e-02 1.35424044e-01 2.53651954e-01 2.87505141e-01 1.97564762e-01 8.01680750e-02 1.43860417e-02 2.25440176e-03 7.77805767e-04 1.32733628e-04 1.53598754e-05 1.53598754e-05 1.32733628e-04 7.77805767e-04 2.25440176e-03 1.43860417e-02 8.01680750e-02 1.97564762e-01 2.87505141e-01 2.53651954e-01 1.35424044e-01 3.94143108e-02 3.62104866e-03 1.42577302e-03 3.52270336e-04 4.43252498e-05 8.89943959e-06
1.68606980e-05 8.00206932e-05 5.57805281e-04 1.98597763e-03 4.75413105e-03 4.02554844e-02 1.39712284e-01 2.68915093e-01 3.06210650e-01 2.07345312e-01 8.18161254e-02 1.54600645e-02 3.06060589e-03 1.14544431e-03 2.25858748e-04 2.87617719e-05 2.87617719e-05 2.25858748e-04 1.14544431e-03 3.06060589e-03 1.54600645e-02 8.18161254e-02 2.07345312e-01 3.06210650e-01 2.68915093e-01 1.39712284e-01 4.02554844e-02 4.75413105e-03 1.98597763e-03 5.57805281e-04 8.00206932e-05 1.68606980e-05
3.11049215e-05 1.41453524e-04 8.73142136e-04 2.84932864e-03 6.64234602e-03 4.12613357e-02 1.42482560e-01 2.81130949e-01 3.22911721e-01 2.14225590e-01 8.25892843e-02 1.71897531e-02 4.37648628e-03 1.69335259e-03 3.77562178e-04 5.25636176e-05 5.25636176e-05 3.77562178e-04 1.69335259e-03 4.37648628e-03 1.71897531e-02 8.25892843e-02 2.14225590e-01 3.22911721e-01 2.81130949e-01 1.42482560e-01 4.12613357e-02 6.64234602e-03 2.84932864e-03 8.73142136e-04 1.41453524e-04 3.11049215e-05
5.58915199e-05 2.44394650e-04 1.35781459e-03 4.20923972e-03 9.57818774e-03 4.30263535e-02 1.44186718e-01 2.93138223e-01 3.38998627e-01 2.19944934e-01 8.36329423e-02 2.00397172e-02 6.46280216e-03 2.53343881e-03 6.20402973e-04 9.36326652e-05 9.36326652e-05 6.20402973e-04 2.53343881e-03 6.46280216e-03 2.00397172e-02 8.36329423e-02 2.19944934e-01 3.38998627e-01 2.93138223e-01 1.44186718e-01 4.30263535e-02 9.57818774e-03 4.20923972e-03 1.35781459e-03 2.44394650e-04 5.58915199e-05
9.78517562e-05 4.11911150e-04 2.09541038e-03 6.27525233e-03 1.37704335e-02 4.60828759e-02 1.46112521e-01 3.03079236e-01 3.53154609e-01 2.25080481e-01 8.51451821e-02 2.42523684e-02 9.54969081e-03 3.81250275e-03 1.00033913e-03 1.62427218e-04 1.62427218e-04 1.00033913e-03 3.81250275e-03 9.54969081e-03 2.42523684e-02 8.51451821e-02 2.25080481e-01 3.53154609e-01 3.03079236e-01 1.46112521e-01 4.60828759e-02 1.37704335e-02 6.27525233e-03 2.09541038e-03 4.11911150e-04 9.78517562e-05
1.66978584e-04 6.76286451e-04 3.19404231e-03 9.24016428e-03 1.92938351e-02 5.03315641e-02 1.47733174e-01 3.10993676e-01 3.64841400e-01 2.28619270e-01 8.75439381e-02 2.98663611e-02 1.37987437e-02 5.69704451e-03 1.57901964e-03 2.74289869e-04 2.74289869e-04 1.57901964e-03 5.69704451e-03 1.37987437e-02 2.98663611e-02 8.75439381e-02 2.28619270e-01 3.64841400e-01 3.10993676e-01 1.47733174e-01 5.03315641e-02 1.92938351e-02 9.24016428e-03 3.19404231e-03 6.76286451e-04 1.66978584e-04
2.77848106e-04 1.08072404e-03 4.78100884e-03 1.32457392e-02 2.60313452e-02 5.54607320e-02 1.48547402e-01 3.18297541e-01 3.76582062e-01 2.30595389e-01 9.01617686e-02 3.66019332e-02 1.92568512e-02 8.35050568e-03 2.43478169e-03 4.50905340e-04 4.50905340e-04 2.43478169e-03 8.35050568e-03 1.92568512e-02 3.66019332e-02 9.01617686e-02 2.30595389e-01 3.76582062e-01 3.18297541e-01 1.48547402e-01 5.54607320e-02 2.60313452e-02 1.32457392e-02 4.78100884e-03 1.08072404e-03 2.77848106e-04
4.51040346e-04 1.68044487e-03 6.99053291e-03 1.83428308e-02 3.36364657e-02 6.08682828e-02 1.48271071e-01 3.22886357e-01 3.85581549e-01 2.30749804e-01 9.24097790e-02 4.39215755e-02 2.58074409e-02 1.19051857e-02 3.66127125e-03 7.21802769e-04 7.21802769e-04 3.66127125e-03 1.19051857e-02 2.58074409e-02 4.39215755e-02 9.24097790e-02 2.30749804e-01 3.85581549e-01 3.22886357e-01 1.48271071e-01 6.08682828e-02 3.36364657e-02 1.83428308e-02 6.99053291e-03 1.68044487e-03 4.51040346e-04
7.14681531e-04 2.54270813e-03 9.94489935e-03 2.44508026e-02 4.15674011e-02 6.57686567e-02 1.46334694e-01 3.23492102e-01 3.90396510e-01 2.28605129e-01 9.37229891e-02 5.11284163e-02 3.31439044e-02 1.64297006e-02 5.36250236e-03 1.12572132e-03 1.12572132e-03 5.36250236e-03 1.64297006e-02 3.31439044e-02 5.11284163e-02 9.37229891e-02 2.28605129e-01 3.90396510e-01 3.23492102e-01 1.46334694e-01 6.57686567e-02 4.15674011e-02 2.44508026e-02 9.94489935e-03 2.54270813e-03 7.14681531e-04
1.10597808e-03 3.74522735e-03 1.37303893e-02 3.13326160e-02 4.91885101e-02 6.96228082e-02 1.42659709e-01 3.21848116e-01 3.91796868e-01 2.23874574e-01 9.38156509e-02 5.75603596e-02 4.07921660e-02 2.18955500e-02 7.64343379e-03 1.71160159e-03 1.71160159e-03 7.64343379e-03 2.18955500e-02 4.07921660e-02 5.75603596e-02 9.38156509e-02 2.23874574e-01 3.91796868e-01 3.21848116e-01 1.42659709e-01 6.96228082e-02 4.91885101e-02 3.13326160e-02 1.37303893e-02 3.74522735e-03 1.10597808e-03
1.67255996e-03 5.37243777e-03 1.83708018e-02 3.86050236e-02 5.59144645e-02 7.22262403e-02 1.37610979e-01 3.18136753e-01 3.93397190e-01 2.16389778e-01 9.26916513e-02 6.27424304e-02 4.81921480e-02 2.81521534e-02 1.05958501e-02 2.53891936e-03 2.53891936e-03 1.05958501e-02 2.81521534e-02 4.81921480e-02 6.27424304e-02 9.26916513e-02 2.16389778e-01 3.93397190e-01 3.18136753e-01 1.37610979e-01 7.22262403e-02 5.59144645e-02 3.86050236e-02 1.83708018e-02 5.37243777e-03 1.67255996e-03
2.47340430e-03 7.50914622e-03 2.38037334e-02 4.57936135e-02 6.13535707e-02 7.36356157e-02 1.31211473e-01 3.13152226e-01 3.92352890e-01 2.09421537e-01 9.06395793e-02 6.65041106e-02 5.48185857e-02 3.49233381e-02 1.42804703e-02 3.67704306e-03 3.67704306e-03 1.42804703e-02 3.49233381e-02 5.48185857e-02 6.65041106e-02 9.06395793e-02 2.09421537e-01 3.92352890e-01 3.13152226e-01 1.31211473e-01 7.36356157e-02 6.13535707e-02 4.57936135e-02 2.38037334e-02 7.50914622e-03 2.47340430e-03
3.57907322e-03 1.02313428e-02 2.98672692e-02 5.24231320e-02 6.53753356e-02 7.40983306e-02 1.25152968e-01 3.07132535e-01 3.91999392e-01 2.00635789e-01 8.79913957e-02 6.89591222e-02 6.02974430e-02 4.18350997e-02 1.87077003e-02 5.20326980e-03 5.20326980e-03 1.87077003e-02 4.18350997e-02 6.02974430e-02 6.89591222e-02 8.79913957e-02 2.00635789e-01 3.91999392e-01 3.07132535e-01 1.25152968e-01 7.40983306e-02 6.53753356e-02 5.24231320e-02 2.98672692e-02 1.02313428e-02 3.57907322e-03
5.07097642e-03 1.35944987e-02 3.63050427e-02 5.81147313e-02 6.80908987e-02 7.39904727e-02 1.18703550e-01 2.99743906e-01 3.88171087e-01 1.92309021e-01 8.53620454e-02 7.03924434e-02 6.44725685e-02 4.84739714e-02 2.38210551e-02 7.19920566e-03 7.19920566e-03 2.38210551e-02 4.84739714e-02 6.44725685e-02 7.03924434e-02 8.53620454e-02 1.92309021e-01 3.88171087e-01 2.99743906e-01 1.18703550e-01 7.39904727e-02 6.80908987e-02 5.81147313e-02 3.63050427e-02 1.35944987e-02 5.07097642e-03
7.03936089e-03 1.76207115e-02 4.27939189e-02 6.26555895e-02 6.97640325e-02 7.35904598e-02 1.12784124e-01 2.92216545e-01 3.85371809e-01 1.82737989e-01 8.27906644e-02 7.11294499e-02 6.74011239e-02 5.44619345e-02 2.94884332e-02 9.74536539e-03 9.74536539e-03 2.94884332e-02 5.44619345e-02 6.74011239e-02 7.11294499e-02 8.27906644e-02 1.82737989e-01 3.85371809e-01 2.92216545e-01 1.12784124e-01 7.35904598e-02 6.97640325e-02 6.26555895e-02 4.27939189e-02 1.76207115e-02 7.03936089e-03
9.57974693e-03 2.22874126e-02 4.89912451e-02 6.60178169e-02 7.07039850e-02 7.31306525e-02 1.07004858e-01 2.84285294e-01 3.81539576e-01 1.74155625e-01 8.05511766e-02 7.14553064e-02 6.92903129e-02 5.95248233e-02 3.55062676e-02 1.29143746e-02 1.29143746e-02 3.55062676e-02 5.95248233e-02 6.92903129e-02 7.14553064e-02 8.05511766e-02 1.74155625e-01 3.81539576e-01 2.84285294e-01 1.07004858e-01 7.31306525e-02 7.07039850e-02 6.60178169e-02 4.89912451e-02 2.22874126e-02 9.57974693e-03
