# mapa exacto (Lambda, theta) | filas = Lambda (32), columnas = theta (32) | sector=even, sign=+1, nph_wig=85
8.22453217e-12 8.21642754e-12 8.19411206e-12 8.16102741e-12 8.12350187e-12 8.08753065e-12 8.05888689e-12 8.04134537e-12 8.03768163e-12 8.04845079e-12 8.07198752e-12 8.10507217e-12 8.14248668e-12 8.17856893e-12 8.20699064e-12 8.22253376e-12 8.22253376e-12 8.20699064e-12 8.17856893e-12 8.14248668e-12 8.10507217e-12 8.07198752e-12 8.04845079e-12 8.03768163e-12 8.04134537e-12 8.05888689e-12 8.08753065e-12 8.12361289e-12 8.16102741e-12 8.19411206e-12 8.21642754e-12 8.22453217e-12
5.40920642e-11 5.21269694e-11 4.69411177e-11 4.01849665e-11 3.36619621e-11 2.85944601e-11 2.53683741e-11 2.37760922e-11 2.34801067e-11 2.43917109e-11 2.67554867e-11 3.09032799e-11 3.67983422e-11 4.36402026e-11 4.98469044e-11 5.35874678e-11 5.35874678e-11 4.98469044e-11 4.36399805e-11 3.67985642e-11 3.09033910e-11 2.67553757e-11 2.43917109e-11 2.34801067e-11 2.37760922e-11 2.53682630e-11 2.85945712e-11 3.36619621e-11 4.01849665e-11 4.69410066e-11 5.21270804e-11 5.40920642e-11
9.56319086e-06 5.59861459e-06 8.74661940e-07 1.21962569e-08 2.50866439e-10 1.46916035e-10 9.24836874e-11 7.06280590e-11 6.70727918e-11 7.85728149e-11 1.14481091e-10 1.91924476e-10 4.72002992e-10 1.59814899e-07 2.70573286e-06 8.39194594e-06 8.39194594e-06 2.70573286e-06 1.59814899e-07 4.72002992e-10 1.91924476e-10 1.14481091e-10 7.85728149e-11 6.70727918e-11 7.06280590e-11 9.24837984e-11 1.46916146e-10 2.50866439e-10 1.21962569e-08 8.74661940e-07 5.59861459e-06 9.56319086e-06
1.42447447e-03 1.02253940e-03 3.25234787e-04 2.14131442e-05 2.19360352e-09 9.45911682e-10 3.98318267e-10 2.14253837e-10 1.87682536e-10 2.77588175e-10 6.07573991e-10 1.45972279e-09 1.12293621e-06 1.12175349e-04 6.54701900e-04 1.31308242e-03 1.31308242e-03 6.54701900e-04 1.12175349e-04 1.12293621e-06 1.45972279e-09 6.07573991e-10 2.77588175e-10 1.87682758e-10 2.14253726e-10 3.98318489e-10 9.45911349e-10 2.19360352e-09 2.14131442e-05 3.25234787e-04 1.02253940e-03 1.42447447e-03
1.14843643e-02 8.88413501e-03 3.65969896e-03 4.38657137e-04 1.73225867e-08 5.99288785e-09 1.83628734e-09 6.65330568e-10 5.14957188e-10 1.04677478e-09 3.33443073e-09 1.04190683e-08 3.97149843e-05 1.60710170e-03 6.28269529e-03 1.07784161e-02 1.07784161e-02 6.28269529e-03 1.60710170e-03 3.97149843e-05 1.04190683e-08 3.33443073e-09 1.04677478e-09 5.14957188e-10 6.65330346e-10 1.83628723e-09 5.99288785e-09 1.73225867e-08 4.38657137e-04 3.65969896e-03 8.88413501e-03 1.14843643e-02
3.41974725e-02 2.72460992e-02 1.25335457e-02 1.97129597e-03 1.17866600e-07 3.41216940e-08 8.18900359e-09 2.07820061e-09 1.38415102e-09 3.95683841e-09 1.69924662e-08 6.52571002e-08 2.31680945e-04 6.12627249e-03 2.00936521e-02 3.23679372e-02 3.23679372e-02 2.00936521e-02 6.12627249e-03 2.31680945e-04 6.52571002e-08 1.69924663e-08 3.95683819e-09 1.38415102e-09 2.07820061e-09 8.18900359e-09 3.41216940e-08 1.17866600e-07 1.97129597e-03 1.25335457e-02 2.72460992e-02 3.41974725e-02
6.45748201e-02 5.18790491e-02 2.48730741e-02 4.47239938e-03 6.82710199e-07 1.70906029e-07 3.36370580e-08 6.36169917e-09 3.63459607e-09 1.42604102e-08 7.76766862e-08 3.53632414e-07 6.02421110e-04 1.27683501e-02 3.88038934e-02 6.11636084e-02 6.11636084e-02 3.88038934e-02 1.27683501e-02 6.02421110e-04 3.53632414e-07 7.76766864e-08 1.42604101e-08 3.63459618e-09 6.36169895e-09 3.36370578e-08 1.70906029e-07 6.82710199e-07 4.47239938e-03 2.48730741e-02 5.18790491e-02 6.45748201e-02
9.51240729e-02 7.61355938e-02 3.67592543e-02 7.03926108e-03 3.34075978e-06 7.49679502e-07 1.25335821e-07 1.86918067e-08 9.29177291e-09 4.78229485e-08 3.16155157e-07 1.64951253e-06 1.03435703e-03 1.92648105e-02 5.69942556e-02 9.00525270e-02 9.00525270e-02 5.69942556e-02 1.92648105e-02 1.03435703e-03 1.64951253e-06 3.16155157e-07 4.78229485e-08 9.29177268e-09 1.86918068e-08 1.25335821e-07 7.49679502e-07 3.34075978e-06 7.03926108e-03 3.67592543e-02 7.61355938e-02 9.51240729e-02
1.20998909e-01 9.61257120e-02 4.59316014e-02 9.09090832e-03 1.37452237e-05 2.87688179e-06 4.22612754e-07 5.20936858e-08 2.30572499e-08 1.48015530e-07 1.14539543e-06 6.60288957e-06 1.41358437e-03 2.42410132e-02 7.13607506e-02 1.14218797e-01 1.14218797e-01 7.13607506e-02 2.42410132e-02 1.41358437e-03 6.60288957e-06 1.14539543e-06 1.48015530e-07 2.30572501e-08 5.20936855e-08 4.22612754e-07 2.87688179e-06 1.37452237e-05 9.09090832e-03 4.59316014e-02 9.61257120e-02 1.20998909e-01
1.41316941e-01 1.11065588e-01 5.23088819e-02 1.06301695e-02 4.74058078e-05 9.64199641e-06 1.28953598e-06 1.36914232e-07 5.54130439e-08 4.21862372e-07 3.69277423e-06 2.26168617e-05 1.75944295e-03 2.77578647e-02 8.16840013e-02 1.32986674e-01 1.32986674e-01 8.16840013e-02 2.77578647e-02 1.75944295e-03 2.26168617e-05 3.69277423e-06 4.21862372e-07 5.54130443e-08 1.36914232e-07 1.28953598e-06 9.64199641e-06 4.74058078e-05 1.06301695e-02 5.23088819e-02 1.11065588e-01 1.41316941e-01
1.58027596e-01 1.23099496e-01 5.76442726e-02 1.20753212e-02 1.36689564e-04 2.81211884e-05 3.55638875e-06 3.38292698e-07 1.28777811e-07 1.10566268e-06 1.05690660e-05 6.60400590e-05 2.17386839e-03 3.07913030e-02 9.01683816e-02 1.48476519e-01 1.48476519e-01 9.01683816e-02 3.07913030e-02 2.17386839e-03 6.60400590e-05 1.05690660e-05 1.10566268e-06 1.28777811e-07 3.38292698e-07 3.55638875e-06 2.81211884e-05 1.36689564e-04 1.20753212e-02 5.76442726e-02 1.23099496e-01 1.58027596e-01
1.74912530e-01 1.35772815e-01 6.39352866e-02 1.39414659e-02 3.28617970e-04 7.10213384e-05 8.84253378e-06 7.84777801e-07 2.89174183e-07 2.66140757e-06 2.67422703e-05 1.63686456e-04 2.79014709e-03 3.45728655e-02 9.94256559e-02 1.63938051e-01 1.63938051e-01 9.94256559e-02 3.45728655e-02 2.79014709e-03 1.63686456e-04 2.67422703e-05 2.66140757e-06 2.89174183e-07 7.84777800e-07 8.84253378e-06 7.10213384e-05 3.28617970e-04 1.39414659e-02 6.39352866e-02 1.35772815e-01 1.74912530e-01
1.95035888e-01 1.51739912e-01 7.26541228e-02 1.64579405e-02 6.58064389e-04 1.54858973e-04 1.98028027e-05 1.71273288e-06 6.27704052e-07 5.89109262e-06 5.96544850e-05 3.43682027e-04 3.66622814e-03 3.97598680e-02 1.12079117e-01 1.83038242e-01 1.83038242e-01 1.12079117e-01 3.97598680e-02 3.66622814e-03 3.43682027e-04 5.96544850e-05 5.89109262e-06 6.27704052e-07 1.71273288e-06 1.98028027e-05 1.54858973e-04 6.58064389e-04 1.64579405e-02 7.26541228e-02 1.51739912e-01 1.95035888e-01
2.18724880e-01 1.71697947e-01 8.30800803e-02 1.93595962e-02 1.10544714e-03 2.92907117e-04 4.01618201e-05 3.54320505e-06 1.31970325e-06 1.20834646e-05 1.17818196e-04 6.14809020e-04 4.70384103e-03 4.58383267e-02 1.27445665e-01 2.05809982e-01 2.05809982e-01 1.27445665e-01 4.58383267e-02 4.70384103e-03 6.14809020e-04 1.17818196e-04 1.20834646e-05 1.31970325e-06 3.54320505e-06 4.01618201e-05 2.92907117e-04 1.10544714e-03 1.93595962e-02 8.30800803e-02 1.71697947e-01 2.18724880e-01
2.44049385e-01 1.92785594e-01 9.33685602e-02 2.19881010e-02 1.59933503e-03 4.89247851e-04 7.48762513e-05 7.03353350e-06 2.69506117e-06 2.33152964e-05 2.09319990e-04 9.56630804e-04 5.68973547e-03 5.15491435e-02 1.43095354e-01 2.30100312e-01 2.30100312e-01 1.43095354e-01 5.15491435e-02 5.68973547e-03 9.56630804e-04 2.09319990e-04 2.33152964e-05 2.69506117e-06 7.03353350e-06 7.48762513e-05 4.89247851e-04 1.59933503e-03 2.19881010e-02 9.33685602e-02 1.92785594e-01 2.44049385e-01
2.69337448e-01 2.11701807e-01 1.01159733e-01 2.38508345e-02 2.10564769e-03 7.44798169e-04 1.31178580e-04 1.35565989e-05 5.35878903e-06 4.30848441e-05 3.43466667e-04 1.34786291e-03 6.51164064e-03 5.55754450e-02 1.56592048e-01 2.53327543e-01 2.53327543e-01 1.56592048e-01 5.55754450e-02 6.51164064e-03 1.34786291e-03 3.43466667e-04 4.30848441e-05 5.35878903e-06 1.35565989e-05 1.31178580e-04 7.44798169e-04 2.10564769e-03 2.38508345e-02 1.01159733e-01 2.11701807e-01 2.69337448e-01
2.92010769e-01 2.27470715e-01 1.06337271e-01 2.49954364e-02 2.72427116e-03 1.07597536e-03 2.20757560e-04 2.55421544e-05 1.03857024e-05 7.73377661e-05 5.36350476e-04 1.82045957e-03 7.33013443e-03 5.78052850e-02 1.66249736e-01 2.74329614e-01 2.74329614e-01 1.66249736e-01 5.78052850e-02 7.33013443e-03 1.82045957e-03 5.36350476e-04 7.73377661e-05 1.03857024e-05 2.55421544e-05 2.20757560e-04 1.07597536e-03 2.72427116e-03 2.49954364e-02 1.06337271e-01 2.27470715e-01 2.92010769e-01
3.11203574e-01 2.39969953e-01 1.08914931e-01 2.59206304e-02 3.68888232e-03 1.53599883e-03 3.62693192e-04 4.71117683e-05 1.96198524e-05 1.35861686e-04 8.18310896e-04 2.49374973e-03 8.50859386e-03 5.88479996e-02 1.73184848e-01 2.91724688e-01 2.91724688e-01 1.73184848e-01 5.88479996e-02 8.50859386e-03 2.49374973e-03 8.18310896e-04 1.35861686e-04 1.96198524e-05 4.71117683e-05 3.62693192e-04 1.53599883e-03 3.68888232e-03 2.59206304e-02 1.08914931e-01 2.39969953e-01 3.11203574e-01
3.28535040e-01 2.49403609e-01 1.10455373e-01 2.72842779e-02 5.29096336e-03 2.22809137e-03 5.86836242e-04 8.49543848e-05 3.61164729e-05 2.34058605e-04 1.24177440e-03 3.56340395e-03 1.04490447e-02 5.95790980e-02 1.77802849e-01 3.06554874e-01 3.06554874e-01 1.77802849e-01 5.95790980e-02 1.04490447e-02 3.56340395e-03 1.24177440e-03 2.34058605e-04 3.61164729e-05 8.49543848e-05 5.86836242e-04 2.22809137e-03 5.29096336e-03 2.72842779e-02 1.10455373e-01 2.49403609e-01 3.28535040e-01
3.45234123e-01 2.58245845e-01 1.11580589e-01 2.96839400e-02 7.80901067e-03 3.30332147e-03 9.37453938e-04 1.49477719e-04 6.47660224e-05 3.95065347e-04 1.88791846e-03 5.26117751e-03 1.34983878e-02 6.08607681e-02 1.81063915e-01 3.20973162e-01 3.20973162e-01 1.81063915e-01 6.08607681e-02 1.34983878e-02 5.26117751e-03 1.88791846e-03 3.95065347e-04 6.47660224e-05 1.49477719e-04 9.37453938e-04 3.30332147e-03 7.80901067e-03 2.96839400e-02 1.11580589e-01 2.58245845e-01 3.45234123e-01
3.59962784e-01 2.65710423e-01 1.12874395e-01 3.34031012e-02 1.14649350e-02 4.94326559e-03 1.47667070e-03 2.56224855e-04 1.13133279e-04 6.52051511e-04 2.86898787e-03 7.81321236e-03 1.78854287e-02 6.31132865e-02 1.84257612e-01 3.33446633e-01 3.33446633e-01 1.84257612e-01 6.31132865e-02 1.78854287e-02 7.81321236e-03 2.86898787e-03 6.52051511e-04 1.13133279e-04 2.56224855e-04 1.47667070e-03 4.94326559e-03 1.14649350e-02 3.34031012e-02 1.12874395e-01 2.65710423e-01 3.59962784e-01
3.72408263e-01 2.71479140e-01 1.14713756e-01 3.85023889e-02 1.63818675e-02 7.33417038e-03 2.28664794e-03 4.27479849e-04 1.92527493e-04 1.05036833e-03 4.32308810e-03 1.14041876e-02 2.36585277e-02 6.63409211e-02 1.86428295e-01 3.43150552e-01 3.43150552e-01 1.86428295e-01 6.63409211e-02 2.36585277e-02 1.14041876e-02 4.32308810e-03 1.05036833e-03 1.92527493e-04 4.27479849e-04 2.28664794e-03 7.33417038e-03 1.63818675e-02 3.85023889e-02 1.14713756e-01 2.71479140e-01 3.72408263e-01
3.84670262e-01 2.75783252e-01 1.16164475e-01 4.46096060e-02 2.25309413e-02 1.06373384e-02 3.46889818e-03 6.93908933e-04 3.19290601e-04 1.64907875e-03 6.40059538e-03 1.61379561e-02 3.06027707e-02 7.03140865e-02 1.86897612e-01 3.53451436e-01 3.53451436e-01 1.86897612e-01 7.03140865e-02 3.06027707e-02 1.61379561e-02 6.40059538e-03 1.64907875e-03 3.19290601e-04 6.93908933e-04 3.46889818e-03 1.06373384e-02 2.25309413e-02 4.46096060e-02 1.16164475e-01 2.75783252e-01 3.84670262e-01
3.94347553e-01 2.77670655e-01 1.16701577e-01 5.11501544e-02 2.96857179e-02 1.49551858e-02 5.13904530e-03 1.09600359e-03 5.16249540e-04 2.52125789e-03 9.24337100e-03 2.19918315e-02 3.82749118e-02 7.42077659e-02 1.86717972e-01 3.60571482e-01 3.60571482e-01 1.86717972e-01 7.42077659e-02 3.82749118e-02 2.19918315e-02 9.24337100e-03 2.52125789e-03 5.16249540e-04 1.09600359e-03 5.13904530e-03 1.49551858e-02 2.96857179e-02 5.11501544e-02 1.16701577e-01 2.77670655e-01 3.94347553e-01
3.99865141e-01 2.76475098e-01 1.16295250e-01 5.74096453e-02 3.74175002e-02 2.02935821e-02 7.41592510e-03 1.68501979e-03 8.14228827e-04 3.75232267e-03 1.29583521e-02 2.87785889e-02 4.60367216e-02 7.73336547e-02 1.84358757e-01 3.63519009e-01 3.63519009e-01 1.84358757e-01 7.73336547e-02 4.60367216e-02 2.87785889e-02 1.29583521e-02 3.75232267e-03 8.14228827e-04 1.68501979e-03 7.41592510e-03 2.02935821e-02 3.74175002e-02 5.74096453e-02 1.16295250e-01 2.76475098e-01 3.99865141e-01
4.01756744e-01 2.73059085e-01 1.14477090e-01 6.27406234e-02 4.51554405e-02 2.65289316e-02 1.04049612e-02 2.52305255e-03 1.25346604e-03 5.43559010e-03 1.75876629e-02 3.61399087e-02 5.32252156e-02 7.94644029e-02 1.79445577e-01 3.63607440e-01 3.63607440e-01 1.79445577e-01 7.94644029e-02 5.32252156e-02 3.61399087e-02 1.75876629e-02 5.43559010e-03 1.25346604e-03 2.52305255e-03 1.04049612e-02 2.65289316e-02 4.51554405e-02 6.27406234e-02 1.14477090e-01 2.73059085e-01 4.01756744e-01
4.04321938e-01 2.66761401e-01 1.11183410e-01 6.67712817e-02 5.23057643e-02 3.33953834e-02 1.41770290e-02 3.68185155e-03 1.88472164e-03 7.66439118e-03 2.30801595e-02 4.35893936e-02 5.92953961e-02 8.03504564e-02 1.72976289e-01 3.62802891e-01 3.62802891e-01 1.72976289e-01 8.03504564e-02 5.92953961e-02 4.35893936e-02 2.30801595e-02 7.66439118e-03 1.88472164e-03 3.68185155e-03 1.41770290e-02 3.33953834e-02 5.23057643e-02 6.67712817e-02 1.11183410e-01 2.66761401e-01 4.04321938e-01
4.03958511e-01 2.60342592e-01 1.07048383e-01 6.94640974e-02 5.83900910e-02 4.05065125e-02 1.87456312e-02 5.23997445e-03 2.76983013e-03 1.05205077e-02 2.92732197e-02 5.06032358e-02 6.39621860e-02 8.01383452e-02 1.65618811e-01 3.59914899e-01 3.59914899e-01 1.65618811e-01 8.01383452e-02 6.39621860e-02 5.06032358e-02 2.92732197e-02 1.05205077e-02 2.76983013e-03 5.23997445e-03 1.87456312e-02 4.05065125e-02 5.83900910e-02 6.94640974e-02 1.07048383e-01 2.60342592e-01 4.03958511e-01
4.04641267e-01 2.52266551e-01 1.02554420e-01 7.10266118e-02 6.31472469e-02 4.74148196e-02 2.40471662e-02 7.27790470e-03 3.98140283e-03 1.40595284e-02 3.58950869e-02 5.67318242e-02 6.72221547e-02 7.92609334e-02 1.57729095e-01 3.56969236e-01 3.56969236e-01 1.57729095e-01 7.92609334e-02 6.72221547e-02 5.67318242e-02 3.58950869e-02 1.40595284e-02 3.98140283e-03 7.27790470e-03 2.40471662e-02 4.74148196e-02 6.31472469e-02 7.10266118e-02 1.02554420e-01 2.52266551e-01 4.04641267e-01
4.01590627e-01 2.44045945e-01 9.80988095e-02 7.17648749e-02 6.65594796e-02 5.36957508e-02 2.99306504e-02 9.87091111e-03 5.60137086e-03 1.82949179e-02 4.25942124e-02 6.16915412e-02 6.92885729e-02 7.79902754e-02 1.49720382e-01 3.51292619e-01 3.51292619e-01 1.49720382e-01 7.79902754e-02 6.92885729e-02 6.16915412e-02 4.25942124e-02 1.82949179e-02 5.60137086e-03 9.87091111e-03 2.99306504e-02 5.36957508e-02 6.65594796e-02 7.17648749e-02 9.80988095e-02 2.44045945e-01 4.01590627e-01
3.99766498e-01 2.34566168e-01 9.38730704e-02 7.20103496e-02 6.88024388e-02 5.90297228e-02 3.61630465e-02 1.30799634e-02 7.71809721e-03 2.31840090e-02 4.89929906e-02 6.54032909e-02 7.04750993e-02 7.67313098e-02 1.41788367e-01 3.46274778e-01 3.46274778e-01 1.41788367e-01 7.67313098e-02 7.04750993e-02 6.54032909e-02 4.89929906e-02 2.31840090e-02 7.71809721e-03 1.30799634e-02 3.61630465e-02 5.90297228e-02 6.88024388e-02 7.20103496e-02 9.38730704e-02 2.34566168e-01 3.99766498e-01
3.96841368e-01 2.25789027e-01 9.01397055e-02 7.20047793e-02 7.01527127e-02 6.32543642e-02 4.24532910e-02 1.69419910e-02 1.04219335e-02 2.86202909e-02 5.47528815e-02 6.79693134e-02 7.10908809e-02 7.55418303e-02 1.34352958e-01 3.40293187e-01 3.40293187e-01 1.34352958e-01 7.55418303e-02 7.10908809e-02 6.79693134e-02 5.47528815e-02 2.86202909e-02 1.04219335e-02 1.69419910e-02 4.24532910e-02 6.32543642e-02 7.01527127e-02 7.20047793e-02 9.01397055e-02 2.25789027e-01 3.96841368e-01
