# mapa exacto (Lambda, theta) | filas = Lambda (32), columnas = theta (32) | sector=even, sign=+1, nph_wig=85
0.00000000e+00 1.06596407e-03 1.95854545e-03 2.53350159e-03 2.69805339e-03 2.42566698e-03 1.76026915e-03 8.09265888e-04 2.73538301e-04 1.31168426e-03 2.13671339e-03 2.61535553e-03 2.67039335e-03 2.29295252e-03 1.54391125e-03 5.44218658e-04 5.44218658e-04 1.54391125e-03 2.29295252e-03 2.67039335e-03 2.61535553e-03 2.13671339e-03 1.31168426e-03 2.73538301e-04 8.09265888e-04 1.76026915e-03 2.42566698e-03 2.69805339e-03 2.53350159e-03 1.95854545e-03 1.06596407e-03 0.00000000e+00
-3.20342650e-16 2.45778805e-02 4.49017886e-02 5.78706838e-02 6.15647524e-02 5.54456291e-02 4.04071492e-02 1.86897671e-02 6.33660733e-03 3.01960916e-02 4.89308527e-02 5.97092234e-02 6.09443516e-02 5.24564403e-02 3.54895634e-02 1.25898325e-02 1.25898325e-02 3.54895634e-02 5.24564403e-02 6.09443516e-02 5.97092234e-02 4.89308527e-02 3.01960916e-02 6.33660733e-03 1.86897671e-02 4.04071492e-02 5.54456291e-02 6.15647524e-02 5.78706838e-02 4.49017886e-02 2.45778805e-02 -3.20342650e-16
-3.20342650e-16 7.62099403e-02 1.37475990e-01 1.75749175e-01 1.86534556e-01 1.68640860e-01 1.24062712e-01 5.81630278e-02 1.98789906e-02 9.33038280e-02 1.49434611e-01 1.81123499e-01 1.84726800e-01 1.59848364e-01 1.09299105e-01 3.93290937e-02 3.93290937e-02 1.09299105e-01 1.59848364e-01 1.84726800e-01 1.81123499e-01 1.49434611e-01 9.33038280e-02 1.98789906e-02 5.81630278e-02 1.24062712e-01 1.68640860e-01 1.86534556e-01 1.75749175e-01 1.37475990e-01 7.62099403e-02 0.00000000e+00
0.00000000e+00 1.49463733e-01 2.64740161e-01 3.34525325e-01 3.53877770e-01 3.21695406e-01 2.39876913e-01 1.14678581e-01 3.96309136e-02 1.82067025e-01 2.86728866e-01 3.44185828e-01 3.50643696e-01 3.05743081e-01 2.12267172e-01 7.79692495e-02 7.79692495e-02 2.12267172e-01 3.05743081e-01 3.50643696e-01 3.44185828e-01 2.86728866e-01 1.82067025e-01 3.96309136e-02 1.14678581e-01 2.39876913e-01 3.21695406e-01 3.53877770e-01 3.34525325e-01 2.64740161e-01 1.49463733e-01 0.00000000e+00
0.00000000e+00 2.35154185e-01 4.07556307e-01 5.07918511e-01 5.35200785e-01 4.89699641e-01 3.71057145e-01 1.81573032e-01 6.35891789e-02 2.84728675e-01 4.39514601e-01 5.21569028e-01 5.30658854e-01 4.66899358e-01 3.30080241e-01 1.24265209e-01 1.24265209e-01 3.30080241e-01 4.66899358e-01 5.30658854e-01 5.21569028e-01 4.39514601e-01 2.84728675e-01 6.35891789e-02 1.81573032e-01 3.71057145e-01 4.89699641e-01 5.35200785e-01 5.07918511e-01 4.07556307e-01 2.35154185e-01 0.00000000e+00
-6.40685301e-16 3.23631980e-01 5.48221432e-01 6.73469968e-01 7.06768265e-01 6.51050708e-01 5.01639456e-01 2.51563435e-01 8.93557861e-02 3.89375223e-01 5.88562741e-01 6.90170018e-01 7.01247033e-01 6.22793012e-01 4.48710322e-01 1.73366472e-01 1.73366472e-01 4.48710322e-01 6.22793012e-01 7.01247033e-01 6.90170018e-01 5.88562741e-01 3.89375223e-01 8.93557861e-02 2.51563435e-01 5.01639456e-01 6.51050708e-01 7.06768265e-01 6.73469968e-01 5.48221432e-01 3.23631980e-01 -3.20342650e-16
0.00000000e+00 4.07447569e-01 6.75424509e-01 8.18688703e-01 8.55967804e-01 7.93395037e-01 6.20965500e-01 3.18739286e-01 1.14747397e-01 4.87267044e-01 7.22082020e-01 8.37430064e-01 8.49811137e-01 7.61293264e-01 5.58353319e-01 2.21118119e-01 2.21118119e-01 5.58353319e-01 7.61293264e-01 8.49811137e-01 8.37430064e-01 7.22082020e-01 4.87267044e-01 1.14747397e-01 3.18739286e-01 6.20965500e-01 7.93395037e-01 8.55967804e-01 8.18688703e-01 6.75424509e-01 4.07447569e-01 0.00000000e+00
-3.20342650e-16 4.82740032e-01 7.85518793e-01 9.41497524e-01 9.81333920e-01 9.14286278e-01 7.25094671e-01 3.79721915e-01 1.38299811e-01 5.74306617e-01 8.36804345e-01 9.61563449e-01 9.74776682e-01 8.79545091e-01 6.54899062e-01 2.64939827e-01 2.64939827e-01 6.54899062e-01 8.79545091e-01 9.74776682e-01 9.61563449e-01 8.36804345e-01 5.74306617e-01 1.38299811e-01 3.79721915e-01 7.25094671e-01 9.14286278e-01 9.81333920e-01 9.41497524e-01 7.85518793e-01 4.82740032e-01 -3.20342650e-16
0.00000000e+00 5.48635318e-01 8.80160357e-01 1.04597281e+00 1.08767019e+00 1.01732874e+00 8.14945399e-01 4.33391135e-01 1.59266248e-01 6.50089922e-01 9.35096067e-01 1.06701219e+00 1.08082662e+00 9.80577278e-01 7.38559934e-01 3.03724498e-01 3.03724498e-01 7.38559934e-01 9.80577278e-01 1.08082662e+00 1.06701219e+00 9.35096067e-01 6.50089922e-01 1.59266248e-01 4.33391135e-01 8.14945399e-01 1.01732874e+00 1.08767019e+00 1.04597281e+00 8.80160357e-01 5.48635318e-01 -3.20342650e-16
0.00000000e+00 6.05699200e-01 9.62736553e-01 1.13724090e+00 1.18047503e+00 1.10736763e+00 8.93226692e-01 4.79767885e-01 1.77313139e-01 7.15858189e-01 1.02094295e+00 1.15909534e+00 1.17340137e+00 1.06885562e+00 8.11319620e-01 3.37171749e-01 3.37171749e-01 8.11319620e-01 1.06885562e+00 1.17340137e+00 1.15909534e+00 1.02094295e+00 7.15858189e-01 1.77313139e-01 4.79767885e-01 8.93226692e-01 1.10736763e+00 1.18047503e+00 1.13724090e+00 9.62736553e-01 6.05699200e-01 6.40685301e-16
-6.40685301e-16 6.54596699e-01 1.03555499e+00 1.21786993e+00 1.26223456e+00 1.18698976e+00 9.61969661e-01 5.19064703e-01 1.92237237e-01 7.72781203e-01 1.09682251e+00 1.24034776e+00 1.25500495e+00 1.14694639e+00 8.74810950e-01 3.65173737e-01 3.65173737e-01 8.74810950e-01 1.14694639e+00 1.25500495e+00 1.24034776e+00 1.09682251e+00 7.72781203e-01 1.92237237e-01 5.19064703e-01 9.61969661e-01 1.18698976e+00 1.26223456e+00 1.21786993e+00 1.03555499e+00 6.54596699e-01 0.00000000e+00
0.00000000e+00 6.95502808e-01 1.09833531e+00 1.28618877e+00 1.33080816e+00 1.25482508e+00 1.02117721e+00 5.51320182e-01 2.03924299e-01 8.21090797e-01 1.16210085e+00 1.30886465e+00 1.32357537e+00 1.21383892e+00 9.29221573e-01 3.87649691e-01 3.87649691e-01 9.29221573e-01 1.21383892e+00 1.32357537e+00 1.30886465e+00 1.16210085e+00 8.21090797e-01 2.03924299e-01 5.51320182e-01 1.02117721e+00 1.25482508e+00 1.33080816e+00 1.28618877e+00 1.09833531e+00 6.95502808e-01 -3.20342650e-16
0.00000000e+00 7.28354648e-01 1.14834248e+00 1.33690125e+00 1.38025172e+00 1.30604234e+00 1.06893394e+00 5.76727615e-01 2.12567661e-01 8.60281925e-01 1.21324230e+00 1.35901809e+00 1.37327198e+00 1.26528748e+00 9.73403266e-01 4.04860306e-01 4.04860306e-01 9.73403266e-01 1.26528748e+00 1.37327198e+00 1.35901809e+00 1.21324230e+00 8.60281925e-01 2.12567661e-01 5.76727615e-01 1.06893394e+00 1.30604234e+00 1.38025172e+00 1.33690125e+00 1.14834248e+00 7.28354648e-01 6.40685301e-16
6.40685301e-16 7.53792435e-01 1.18252805e+00 1.36458293e+00 1.40469402e+00 1.33557077e+00 1.10316652e+00 5.96376421e-01 2.18988293e-01 8.90236963e-01 1.24636533e+00 1.38514603e+00 1.39829005e+00 1.29673099e+00 1.00629628e+00 4.17970350e-01 4.17970350e-01 1.00629628e+00 1.29673099e+00 1.39829005e+00 1.38514603e+00 1.24636533e+00 8.90236963e-01 2.18988293e-01 5.96376421e-01 1.10316652e+00 1.33557077e+00 1.40469402e+00 1.36458293e+00 1.18252805e+00 7.53792435e-01 -3.20342650e-16
-9.61027951e-16 7.73767860e-01 1.20050539e+00 1.36835928e+00 1.40340262e+00 1.34250691e+00 1.12396926e+00 6.12485410e-01 2.24539549e-01 9.12350426e-01 1.26075907e+00 1.38643068e+00 1.39786561e+00 1.30730611e+00 1.02862591e+00 4.29042944e-01 4.29042944e-01 1.02862591e+00 1.30730611e+00 1.39786561e+00 1.38643068e+00 1.26075907e+00 9.12350426e-01 2.24539549e-01 6.12485410e-01 1.12396926e+00 1.34250691e+00 1.40340262e+00 1.36835928e+00 1.20050539e+00 7.73767860e-01 -9.61027951e-16
0.00000000e+00 7.90828705e-01 1.20537018e+00 1.35328841e+00 1.38217996e+00 1.33145681e+00 1.13410612e+00 6.27502945e-01 2.30493274e-01 9.29168726e-01 1.25998967e+00 1.36829564e+00 1.37767337e+00 1.30110052e+00 1.04297811e+00 4.40141434e-01 4.40141434e-01 1.04297811e+00 1.30110052e+00 1.37767337e+00 1.36829564e+00 1.25998967e+00 9.29168726e-01 2.30493274e-01 6.27502945e-01 1.13410612e+00 1.33145681e+00 1.38217996e+00 1.35328841e+00 1.20537018e+00 7.90828705e-01 1.28137060e-15
-3.20342650e-16 8.06870168e-01 1.20176721e+00 1.32721793e+00 1.34981319e+00 1.30963377e+00 1.13731394e+00 6.42967436e-01 2.37505878e-01 9.43030220e-01 1.24962993e+00 1.33905659e+00 1.34634362e+00 1.28456627e+00 1.05230047e+00 4.52423968e-01 4.52423968e-01 1.05230047e+00 1.28456627e+00 1.34634362e+00 1.33905659e+00 1.24962993e+00 9.43030220e-01 2.37505878e-01 6.42967436e-01 1.13731394e+00 1.30963377e+00 1.34981319e+00 1.32721793e+00 1.20176721e+00 8.06870168e-01 -1.28137060e-15
0.00000000e+00 8.22692971e-01 1.19369522e+00 1.29699130e+00 1.31388732e+00 1.28337843e+00 1.13664678e+00 6.59304332e-01 2.45635493e-01 9.55308880e-01 1.23457721e+00 1.30593517e+00 1.31134148e+00 1.26338290e+00 1.05874262e+00 4.66086608e-01 4.66086608e-01 1.05874262e+00 1.26338290e+00 1.31134148e+00 1.30593517e+00 1.23457721e+00 9.55308880e-01 2.45635493e-01 6.59304332e-01 1.13664678e+00 1.28337843e+00 1.31388732e+00 1.29699130e+00 1.19369522e+00 8.22692971e-01 6.40685301e-16
6.40685301e-16 8.38372982e-01 1.18373746e+00 1.26695661e+00 1.27913149e+00 1.25674822e+00 1.13400464e+00 6.76304914e-01 2.54651588e-01 9.66565985e-01 1.21801254e+00 1.27347640e+00 1.27733639e+00 1.24123253e+00 1.06349658e+00 4.80827094e-01 4.80827094e-01 1.06349658e+00 1.24123253e+00 1.27733639e+00 1.27347640e+00 1.21801254e+00 9.66565985e-01 2.54651588e-01 6.76304914e-01 1.13400464e+00 1.25674822e+00 1.27913149e+00 1.26695661e+00 1.18373746e+00 8.38372982e-01 -6.40685301e-16
-9.61027951e-16 8.53718197e-01 1.17329201e+00 1.23926320e+00 1.24778015e+00 1.23180402e+00 1.13040006e+00 6.93587566e-01 2.64276993e-01 9.76943504e-01 1.20163598e+00 1.24388032e+00 1.24655326e+00 1.22002443e+00 1.06713864e+00 4.96238908e-01 4.96238908e-01 1.06713864e+00 1.22002443e+00 1.24655326e+00 1.24388032e+00 1.20163598e+00 9.76943504e-01 2.64276993e-01 6.93587566e-01 1.13040006e+00 1.23180402e+00 1.24778015e+00 1.23926320e+00 1.17329201e+00 8.53718197e-01 0.00000000e+00
6.40685301e-16 8.68515294e-01 1.16301641e+00 1.21467229e+00 1.22050043e+00 1.20933677e+00 1.12632794e+00 7.10814753e-01 2.74286051e-01 9.86450673e-01 1.18620146e+00 1.21786838e+00 1.21967980e+00 1.20055543e+00 1.06993342e+00 5.11981571e-01 5.11981571e-01 1.06993342e+00 1.20055543e+00 1.21967980e+00 1.21786838e+00 1.18620146e+00 9.86450673e-01 2.74286051e-01 7.10814753e-01 1.12632794e+00 1.20933677e+00 1.22050043e+00 1.21467229e+00 1.16301641e+00 8.68515294e-01 6.40685301e-16
6.40685301e-16 8.82608811e-01 1.15318348e+00 1.19322313e+00 1.19715151e+00 1.18947262e+00 1.12201965e+00 7.27745619e-01 2.84519668e-01 9.95073862e-01 1.17196764e+00 1.19540082e+00 1.19660891e+00 1.18302935e+00 1.07201172e+00 5.27813250e-01 5.27813250e-01 1.07201172e+00 1.18302935e+00 1.19660891e+00 1.19540082e+00 1.17196764e+00 9.95073862e-01 2.84519668e-01 7.27745619e-01 1.12201965e+00 1.18947262e+00 1.19715151e+00 1.19322313e+00 1.15318348e+00 8.82608811e-01 -3.20342650e-16
-3.20342650e-16 8.95906715e-01 1.14387865e+00 1.17464127e+00 1.17727257e+00 1.17204100e+00 1.11758253e+00 7.44227139e-01 2.94872199e-01 1.00281428e+00 1.15895755e+00 1.17610937e+00 1.17691375e+00 1.16737955e+00 1.07345155e+00 5.43573943e-01 5.43573943e-01 1.07345155e+00 1.16737955e+00 1.17691375e+00 1.17610937e+00 1.15895755e+00 1.00281428e+00 2.94872199e-01 7.44227139e-01 1.11758253e+00 1.17204100e+00 1.17727257e+00 1.17464127e+00 1.14387865e+00 8.95906715e-01 -9.61027951e-16
-9.61027951e-16 9.08365366e-01 1.13511026e+00 1.15855475e+00 1.16031706e+00 1.15676753e+00 1.11306964e+00 7.60160797e-01 3.05274777e-01 1.00969210e+00 1.14709990e+00 1.15954144e+00 1.16007723e+00 1.15343705e+00 1.07431161e+00 5.59160709e-01 5.59160709e-01 1.07431161e+00 1.15343705e+00 1.16007723e+00 1.15954144e+00 1.14709990e+00 1.00969210e+00 3.05274777e-01 7.60160797e-01 1.11306964e+00 1.15676753e+00 1.16031706e+00 1.15855475e+00 1.13511026e+00 9.08365366e-01 0.00000000e+00
-3.20342650e-16 9.19973701e-01 1.12685361e+00 1.14458582e+00 1.14577920e+00 1.14336422e+00 1.10851350e+00 7.75495032e-01 3.15682239e-01 1.01574221e+00 1.13629583e+00 1.14525248e+00 1.14561545e+00 1.14100977e+00 1.07464473e+00 5.74507660e-01 5.74507660e-01 1.07464473e+00 1.14100977e+00 1.14561545e+00 1.14525248e+00 1.13629583e+00 1.01574221e+00 3.15682239e-01 7.75495032e-01 1.10851350e+00 1.14336422e+00 1.14577920e+00 1.14458582e+00 1.12685361e+00 9.19973701e-01 -3.20342650e-16
-3.20342650e-16 9.30741381e-01 1.11908562e+00 1.13240235e+00 1.13322642e+00 1.13156644e+00 1.10394145e+00 7.90201802e-01 3.26064295e-01 1.02100921e+00 1.12644727e+00 1.13285920e+00 1.13311117e+00 1.12991536e+00 1.07450305e+00 5.89572307e-01 5.89572307e-01 1.07450305e+00 1.12991536e+00 1.13311117e+00 1.13285920e+00 1.12644727e+00 1.02100921e+00 3.26064295e-01 7.90201802e-01 1.10394145e+00 1.13156644e+00 1.13322642e+00 1.13240235e+00 1.11908562e+00 9.30741381e-01 0.00000000e+00
0.00000000e+00 9.40690119e-01 1.11178527e+00 1.12172090e+00 1.12230610e+00 1.12114420e+00 1.09938143e+00 8.04268364e-01 3.36399610e-01 1.02554306e+00 1.11746614e+00 1.12204133e+00 1.12222201e+00 1.11999176e+00 1.07393936e+00 6.04326069e-01 6.04326070e-01 1.07393936e+00 1.11999176e+00 1.12222201e+00 1.12204133e+00 1.11746614e+00 1.02554306e+00 3.36399610e-01 8.04268364e-01 1.09938143e+00 1.12114420e+00 1.12230610e+00 1.12172090e+00 1.11178527e+00 9.40690119e-01 0.00000000e+00
0.00000000e+00 9.49841582e-01 1.10493600e+00 1.11230659e+00 1.11273655e+00 1.11190227e+00 1.09486215e+00 8.17682736e-01 3.46669477e-01 1.02939209e+00 1.10927503e+00 1.11253836e+00 1.11267282e+00 1.11109805e+00 1.07300493e+00 6.18741840e-01 6.18741840e-01 1.07300493e+00 1.11109805e+00 1.11267282e+00 1.11253836e+00 1.10927503e+00 1.02939209e+00 3.46669477e-01 8.17682736e-01 1.09486215e+00 1.11190227e+00 1.11273655e+00 1.11230659e+00 1.10493600e+00 9.49841582e-01 0.00000000e+00
-3.20342650e-16 9.58175572e-01 1.09852201e+00 1.10396455e+00 1.10429401e+00 1.10367607e+00 1.09040645e+00 8.30385584e-01 3.56842254e-01 1.03257561e+00 1.10180466e+00 1.10414006e+00 1.10424394e+00 1.10311181e+00 1.07173529e+00 6.32756044e-01 6.32756044e-01 1.07173529e+00 1.10311181e+00 1.10424394e+00 1.10414006e+00 1.10180466e+00 1.03257561e+00 3.56842254e-01 8.30385584e-01 1.09040645e+00 1.10367607e+00 1.10429401e+00 1.10396455e+00 1.09852201e+00 9.58175572e-01 -6.40685301e-16
-9.61027951e-16 9.65502106e-01 1.09251490e+00 1.09654014e+00 1.09680024e+00 1.09632681e+00 1.08600074e+00 8.42136966e-01 3.66837475e-01 1.03498758e+00 1.09498822e+00 1.09667290e+00 1.09675966e+00 1.09592541e+00 1.07009085e+00 6.46171415e-01 6.46171415e-01 1.07009085e+00 1.09592541e+00 1.09675966e+00 1.09667290e+00 1.09498822e+00 1.03498758e+00 3.66837475e-01 8.42136966e-01 1.08600074e+00 1.09632681e+00 1.09680024e+00 1.09654014e+00 1.09251490e+00 9.65502106e-01 -3.20342650e-16
-1.60171325e-15 9.71255888e-01 1.08682388e+00 1.08990046e+00 1.09010841e+00 1.08973620e+00 1.08149939e+00 8.52338622e-01 3.76490430e-01 1.03620301e+00 1.08874274e+00 1.09000706e+00 1.09007492e+00 1.08943904e+00 1.06780609e+00 6.58544475e-01 6.58544475e-01 1.06780609e+00 1.08943904e+00 1.09007492e+00 1.09000706e+00 1.08874274e+00 1.03620301e+00 3.76490430e-01 8.52338622e-01 1.08149939e+00 1.08973620e+00 1.09010841e+00 1.08990046e+00 1.08682388e+00 9.71255888e-01 0.00000000e+00
-3.20342650e-16 9.74487106e-01 1.08118643e+00 1.08393619e+00 1.08411082e+00 1.08379809e+00 1.07645724e+00 8.60105205e-01 3.85594528e-01 1.03536747e+00 1.08290982e+00 1.08402527e+00 1.08408245e+00 1.08353835e+00 1.06421940e+00 6.69270270e-01 6.69270270e-01 1.06421940e+00 1.08353835e+00 1.08408245e+00 1.08402527e+00 1.08290982e+00 1.03536747e+00 3.85594528e-01 8.60105205e-01 1.07645724e+00 1.08379809e+00 1.08411082e+00 1.08393619e+00 1.08118643e+00 9.74487106e-01 0.00000000e+00
