# mapa exacto (Lambda, theta) | filas = Lambda (32), columnas = theta (32) | sector=even, sign=+1, nph_wig=85
1.00000000e+00 1.00000000e+00 1.00000000e+00 1.00000000e+00 1.00000000e+00 1.00000000e+00 1.00000000e+00 1.00000000e+00 1.00000000e+00 1.00000000e+00 1.00000000e+00 1.00000000e+00 1.00000000e+00 1.00000000e+00 1.00000000e+00 1.00000000e+00 1.00000000e+00 1.00000000e+00 1.00000000e+00 1.00000000e+00 1.00000000e+00 1.00000000e+00 1.00000000e+00 1.00000000e+00 1.00000000e+00 1.00000000e+00 1.00000000e+00 1.00000000e+00 1.00000000e+00 1.00000000e+00 1.00000000e+00 1.00000000e+00
1.00000000e+00 1.00000000e+00 1.00000000e+00 1.00000000e+00 1.00000000e+00 1.00000000e+00 1.00000000e+00 1.00000000e+00 1.00000000e+00 1.00000000e+00 1.00000000e+00 1.00000000e+00 1.00000000e+00 1.00000000e+00 1.00000000e+00 1.00000000e+00 1.00000000e+00 1.00000000e+00 1.00000000e+00 1.00000000e+00 1.00000000e+00 1.00000000e+00 1.00000000e+00 1.00000000e+00 1.00000000e+00 1.00000000e+00 1.00000000e+00 1.00000000e+00 1.00000000e+00 1.00000000e+00 1.00000000e+00 1.00000000e+00
1.00000000e+00 1.00000000e+00 1.00000000e+00 1.00000000e+00 1.00000000e+00 1.00000000e+00 1.00000000e+00 1.00000000e+00 1.00000000e+00 1.00000000e+00 1.00000000e+00 1.00000000e+00 1.00000000e+00 1.00000000e+00 1.00000000e+00 1.00000000e+00 1.00000000e+00 1.00000000e+00 1.00000000e+00 1.00000000e+00 1.00000000e+00 1.00000000e+00 1.00000000e+00 1.00000000e+00 1.00000000e+00 1.00000000e+00 1.00000000e+00 1.00000000e+00 1.00000000e+00 1.00000000e+00 1.00000000e+00 1.00000000e+00
1.00000002e+00 1.00000002e+00 1.00000001e+00 1.00000001e+00 1.00000000e+00 1.00000000e+00 1.00000000e+00 1.00000000e+00 1.00000000e+00 1.00000000e+00 1.00000000e+00 1.00000000e+00 1.00000001e+00 1.00000001e+00 1.00000002e+00 1.00000002e+00 1.00000002e+00 1.00000002e+00 1.00000001e+00 1.00000001e+00 1.00000000e+00 1.00000000e+00 1.00000000e+00 1.00000000e+00 1.00000000e+00 1.00000000e+00 1.00000000e+00 1.00000000e+00 1.00000001e+00 1.00000001e+00 1.00000002e+00 1.00000002e+00
1.00000026e+00 1.00000022e+00 1.00000015e+00 1.00000008e+00 1.00000003e+00 1.00000001e+00 1.00000000e+00 1.00000000e+00 1.00000000e+00 1.00000000e+00 1.00000001e+00 1.00000002e+00 1.00000005e+00 1.00000012e+00 1.00000019e+00 1.00000025e+00 1.00000025e+00 1.00000019e+00 1.00000012e+00 1.00000005e+00 1.00000002e+00 1.00000001e+00 1.00000000e+00 1.00000000e+00 1.00000000e+00 1.00000000e+00 1.00000001e+00 1.00000003e+00 1.00000008e+00 1.00000015e+00 1.00000022e+00 1.00000026e+00
1.00000231e+00 1.00000200e+00 1.00000130e+00 1.00000064e+00 1.00000024e+00 1.00000007e+00 1.00000002e+00 1.00000000e+00 1.00000000e+00 1.00000001e+00 1.00000003e+00 1.00000013e+00 1.00000040e+00 1.00000094e+00 1.00000167e+00 1.00000223e+00 1.00000223e+00 1.00000167e+00 1.00000094e+00 1.00000040e+00 1.00000013e+00 1.00000003e+00 1.00000001e+00 1.00000000e+00 1.00000000e+00 1.00000002e+00 1.00000007e+00 1.00000024e+00 1.00000064e+00 1.00000130e+00 1.00000200e+00 1.00000231e+00
1.00001624e+00 1.00001394e+00 1.00000880e+00 1.00000406e+00 1.00000137e+00 1.00000034e+00 1.00000007e+00 1.00000001e+00 1.00000001e+00 1.00000003e+00 1.00000016e+00 1.00000071e+00 1.00000245e+00 1.00000622e+00 1.00001152e+00 1.00001563e+00 1.00001563e+00 1.00001152e+00 1.00000622e+00 1.00000245e+00 1.00000071e+00 1.00000016e+00 1.00000003e+00 1.00000001e+00 1.00000001e+00 1.00000007e+00 1.00000034e+00 1.00000137e+00 1.00000406e+00 1.00000880e+00 1.00001394e+00 1.00001624e+00
1.00008715e+00 1.00007475e+00 1.00004685e+00 1.00002107e+00 1.00000668e+00 1.00000150e+00 1.00000025e+00 1.00000004e+00 1.00000002e+00 1.00000010e+00 1.00000063e+00 1.00000330e+00 1.00001240e+00 1.00003279e+00 1.00006161e+00 1.00008388e+00 1.00008388e+00 1.00006161e+00 1.00003279e+00 1.00001240e+00 1.00000330e+00 1.00000063e+00 1.00000010e+00 1.00000002e+00 1.00000004e+00 1.00000025e+00 1.00000150e+00 1.00000668e+00 1.00002107e+00 1.00004685e+00 1.00007475e+00 1.00008715e+00
1.00035807e+00 1.00030869e+00 1.00019564e+00 1.00008847e+00 1.00002749e+00 1.00000575e+00 1.00000085e+00 1.00000010e+00 1.00000005e+00 1.00000030e+00 1.00000229e+00 1.00001321e+00 1.00005179e+00 1.00013756e+00 1.00025576e+00 1.00034509e+00 1.00034509e+00 1.00025576e+00 1.00013756e+00 1.00005179e+00 1.00001321e+00 1.00000229e+00 1.00000030e+00 1.00000005e+00 1.00000010e+00 1.00000085e+00 1.00000575e+00 1.00002749e+00 1.00008847e+00 1.00019564e+00 1.00030869e+00 1.00035807e+00
1.00113622e+00 1.00098931e+00 1.00064365e+00 1.00030033e+00 1.00009481e+00 1.00001928e+00 1.00000258e+00 1.00000027e+00 1.00000011e+00 1.00000084e+00 1.00000739e+00 1.00004523e+00 1.00017786e+00 1.00045989e+00 1.00082924e+00 1.00109782e+00 1.00109782e+00 1.00082924e+00 1.00045989e+00 1.00017786e+00 1.00004523e+00 1.00000739e+00 1.00000084e+00 1.00000011e+00 1.00000027e+00 1.00000258e+00 1.00001928e+00 1.00009481e+00 1.00030033e+00 1.00064365e+00 1.00098931e+00 1.00113622e+00
1.00280613e+00 1.00247831e+00 1.00167703e+00 1.00082548e+00 1.00027338e+00 1.00005624e+00 1.00000711e+00 1.00000068e+00 1.00000026e+00 1.00000221e+00 1.00002114e+00 1.00013208e+00 1.00050189e+00 1.00122977e+00 1.00211296e+00 1.00272108e+00 1.00272108e+00 1.00211296e+00 1.00122977e+00 1.00050189e+00 1.00013208e+00 1.00002114e+00 1.00000221e+00 1.00000026e+00 1.00000068e+00 1.00000711e+00 1.00005624e+00 1.00027338e+00 1.00082548e+00 1.00167703e+00 1.00247831e+00 1.00280613e+00
1.00542350e+00 1.00487442e+00 1.00346831e+00 1.00183759e+00 1.00065724e+00 1.00014204e+00 1.00001769e+00 1.00000157e+00 1.00000058e+00 1.00000532e+00 1.00005348e+00 1.00032737e+00 1.00116253e+00 1.00263358e+00 1.00424562e+00 1.00528232e+00 1.00528232e+00 1.00424562e+00 1.00263358e+00 1.00116253e+00 1.00032737e+00 1.00005348e+00 1.00000532e+00 1.00000058e+00 1.00000157e+00 1.00001769e+00 1.00014204e+00 1.00065724e+00 1.00183759e+00 1.00346831e+00 1.00487442e+00 1.00542350e+00
1.00833808e+00 1.00762853e+00 1.00573132e+00 1.00331687e+00 1.00131613e+00 1.00030972e+00 1.00003961e+00 1.00000343e+00 1.00000126e+00 1.00001178e+00 1.00011931e+00 1.00068736e+00 1.00221013e+00 1.00453213e+00 1.00679606e+00 1.00815705e+00 1.00815705e+00 1.00679606e+00 1.00453213e+00 1.00221013e+00 1.00068736e+00 1.00011931e+00 1.00001178e+00 1.00000126e+00 1.00000343e+00 1.00003961e+00 1.00030972e+00 1.00131613e+00 1.00331687e+00 1.00573132e+00 1.00762853e+00 1.00833808e+00
1.01071444e+00 1.00993433e+00 1.00780827e+00 1.00492956e+00 1.00221089e+00 1.00058581e+00 1.00008032e+00 1.00000709e+00 1.00000264e+00 1.00002417e+00 1.00023564e+00 1.00122962e+00 1.00348305e+00 1.00641308e+00 1.00901033e+00 1.01051592e+00 1.01051592e+00 1.00901033e+00 1.00641308e+00 1.00348305e+00 1.00122962e+00 1.00023564e+00 1.00002417e+00 1.00000264e+00 1.00000709e+00 1.00008032e+00 1.00058581e+00 1.00221089e+00 1.00492956e+00 1.00780827e+00 1.00993433e+00 1.01071444e+00
1.01263962e+00 1.01177865e+00 1.00946249e+00 1.00634247e+00 1.00319867e+00 1.00097850e+00 1.00014975e+00 1.00001407e+00 1.00000539e+00 1.00004663e+00 1.00041864e+00 1.00191326e+00 1.00471947e+00 1.00795589e+00 1.01076720e+00 1.01241989e+00 1.01241989e+00 1.01076720e+00 1.00795589e+00 1.00471947e+00 1.00191326e+00 1.00041864e+00 1.00004663e+00 1.00000539e+00 1.00001407e+00 1.00014975e+00 1.00097850e+00 1.00319867e+00 1.00634247e+00 1.00946249e+00 1.01177865e+00 1.01263962e+00
1.01526374e+00 1.01419353e+00 1.01137117e+00 1.00773864e+00 1.00421130e+00 1.00148960e+00 1.00026236e+00 1.00002711e+00 1.00001072e+00 1.00008617e+00 1.00068693e+00 1.00269573e+00 1.00591973e+00 1.00959076e+00 1.01294981e+00 1.01498969e+00 1.01498969e+00 1.01294981e+00 1.00959076e+00 1.00591973e+00 1.00269573e+00 1.00068693e+00 1.00008617e+00 1.00001072e+00 1.00002711e+00 1.00026236e+00 1.00148960e+00 1.00421130e+00 1.00773864e+00 1.01137117e+00 1.01419353e+00 1.01526374e+00
1.02000590e+00 1.01853940e+00 1.01468862e+00 1.00984611e+00 1.00544854e+00 1.00215195e+00 1.00044152e+00 1.00005108e+00 1.00002077e+00 1.00015468e+00 1.00107270e+00 1.00364092e+00 1.00753065e+00 1.01228961e+00 1.01683816e+00 1.01963025e+00 1.01963025e+00 1.01683816e+00 1.01228961e+00 1.00753065e+00 1.00364092e+00 1.00107270e+00 1.00015468e+00 1.00002077e+00 1.00005108e+00 1.00044152e+00 1.00215195e+00 1.00544854e+00 1.00984611e+00 1.01468862e+00 1.01853940e+00 1.02000590e+00
1.02795195e+00 1.02590396e+00 1.02046756e+00 1.01354852e+00 1.00737776e+00 1.00307200e+00 1.00072539e+00 1.00009422e+00 1.00003924e+00 1.00027172e+00 1.00163662e+00 1.00498750e+00 1.01025822e+00 1.01704548e+00 1.02351216e+00 1.02742860e+00 1.02742860e+00 1.02351216e+00 1.01704548e+00 1.01025822e+00 1.00498750e+00 1.00163662e+00 1.00027172e+00 1.00003924e+00 1.00009422e+00 1.00072539e+00 1.00307200e+00 1.00737776e+00 1.01354852e+00 1.02046756e+00 1.02590396e+00 1.02795195e+00
1.03960071e+00 1.03685551e+00 1.02941034e+00 1.01959763e+00 1.01058193e+00 1.00445618e+00 1.00117367e+00 1.00016991e+00 1.00007223e+00 1.00046812e+00 1.00248355e+00 1.00712681e+00 1.01480670e+00 1.02460437e+00 1.03360836e+00 1.03890227e+00 1.03890227e+00 1.03360836e+00 1.02460437e+00 1.01480670e+00 1.00712681e+00 1.00248355e+00 1.00046812e+00 1.00007223e+00 1.00016991e+00 1.00117367e+00 1.00445618e+00 1.01058193e+00 1.01959763e+00 1.02941034e+00 1.03685551e+00 1.03960071e+00
1.05468849e+00 1.05127394e+00 1.04173149e+00 1.02849668e+00 1.01561802e+00 1.00660664e+00 1.00187491e+00 1.00029896e+00 1.00012953e+00 1.00079013e+00 1.00377584e+00 1.01052236e+00 1.02174157e+00 1.03534650e+00 1.04716315e+00 1.05382501e+00 1.05382501e+00 1.04716315e+00 1.03534650e+00 1.02174157e+00 1.01052236e+00 1.00377584e+00 1.00079013e+00 1.00012953e+00 1.00029896e+00 1.00187491e+00 1.00660664e+00 1.01561802e+00 1.02849668e+00 1.04173149e+00 1.05127394e+00 1.05468849e+00
1.07210389e+00 1.06823685e+00 1.05700971e+00 1.04038965e+00 1.02292987e+00 1.00988653e+00 1.00295334e+00 1.00051245e+00 1.00022627e+00 1.00130410e+00 1.00573798e+00 1.01562642e+00 1.03140275e+00 1.04914807e+00 1.06347616e+00 1.07113351e+00 1.07113351e+00 1.06347616e+00 1.04914807e+00 1.03140275e+00 1.01562642e+00 1.00573798e+00 1.00130410e+00 1.00022627e+00 1.00051245e+00 1.00295334e+00 1.00988653e+00 1.02292987e+00 1.04038965e+00 1.05700971e+00 1.06823685e+00 1.07210389e+00
1.09005525e+00 1.08611591e+00 1.07413245e+00 1.05492812e+00 1.03276373e+00 1.01466834e+00 1.00457330e+00 1.00085496e+00 1.00038505e+00 1.00210074e+00 1.00864618e+00 1.02280838e+00 1.04378999e+00 1.06526784e+00 1.08113236e+00 1.08907606e+00 1.08907606e+00 1.08113236e+00 1.06526784e+00 1.04378999e+00 1.02280838e+00 1.00864618e+00 1.00210074e+00 1.00038505e+00 1.00085496e+00 1.00457330e+00 1.01466834e+00 1.03276373e+00 1.05492812e+00 1.07413245e+00 1.08611591e+00 1.09005525e+00
1.10654942e+00 1.10297383e+00 1.09146736e+00 1.07120814e+00 1.04506188e+00 1.02127468e+00 1.00693780e+00 1.00138782e+00 1.00063858e+00 1.00329816e+00 1.01280119e+00 1.03227591e+00 1.05845032e+00 1.08238777e+00 1.09829982e+00 1.10567084e+00 1.10567084e+00 1.09829982e+00 1.08238777e+00 1.05845032e+00 1.03227591e+00 1.01280119e+00 1.00329816e+00 1.00063858e+00 1.00138782e+00 1.00693780e+00 1.02127468e+00 1.04506188e+00 1.07120814e+00 1.09146736e+00 1.10297383e+00 1.10654942e+00
1.12001243e+00 1.11714736e+00 1.10727824e+00 1.08787826e+00 1.05937144e+00 1.02991037e+00 1.01027809e+00 1.00219201e+00 1.00103250e+00 1.00504252e+00 1.01848674e+00 1.04398366e+00 1.07445324e+00 1.09888263e+00 1.11325089e+00 1.11931833e+00 1.11931833e+00 1.11325089e+00 1.09888263e+00 1.07445324e+00 1.04398366e+00 1.01848674e+00 1.00504252e+00 1.00103250e+00 1.00219201e+00 1.01027809e+00 1.02991037e+00 1.05937144e+00 1.08787826e+00 1.10727824e+00 1.11714736e+00 1.12001243e+00
1.12973551e+00 1.12773299e+00 1.12022802e+00 1.10344043e+00 1.07483500e+00 1.04058716e+00 1.01483185e+00 1.00337004e+00 1.00162846e+00 1.00750465e+00 1.02591670e+00 1.05755718e+00 1.09052296e+00 1.11325548e+00 1.12487244e+00 1.12925896e+00 1.12925896e+00 1.12487244e+00 1.11325548e+00 1.09052296e+00 1.05755718e+00 1.02591670e+00 1.00750465e+00 1.00162846e+00 1.00337004e+00 1.01483185e+00 1.04058716e+00 1.07483500e+00 1.10344043e+00 1.12022802e+00 1.12773299e+00 1.12973551e+00
1.13592253e+00 1.13472659e+00 1.12972171e+00 1.11664453e+00 1.09031088e+00 1.05305786e+00 1.02080992e+00 1.00504611e+00 1.00250693e+00 1.01087118e+00 1.03517533e+00 1.07227982e+00 1.10532138e+00 1.12454764e+00 1.13290480e+00 1.13564462e+00 1.13564462e+00 1.13290480e+00 1.12454764e+00 1.10532138e+00 1.07227982e+00 1.03517533e+00 1.01087118e+00 1.00250693e+00 1.00504611e+00 1.02080992e+00 1.05305786e+00 1.09031088e+00 1.11664453e+00 1.12972171e+00 1.13472659e+00 1.13592253e+00
1.13937647e+00 1.13879333e+00 1.13593031e+00 1.12680014e+00 1.10461153e+00 1.06679077e+00 1.02835406e+00 1.00736370e+00 1.00376944e+00 1.01532878e+00 1.04616032e+00 1.08717879e+00 1.11778260e+00 1.13252580e+00 1.13781870e+00 1.13924546e+00 1.13924546e+00 1.13781870e+00 1.13252580e+00 1.11778260e+00 1.08717879e+00 1.04616032e+00 1.01532878e+00 1.00376944e+00 1.00736370e+00 1.02835406e+00 1.06679077e+00 1.10461153e+00 1.12680014e+00 1.13593031e+00 1.13879333e+00 1.13937647e+00
1.14106321e+00 1.14086131e+00 1.13953521e+00 1.13386599e+00 1.11678018e+00 1.08101303e+00 1.03749126e+00 1.01047995e+00 1.00553966e+00 1.02104102e+00 1.05854644e+00 1.10120647e+00 1.12735500e+00 1.13758166e+00 1.14046143e+00 1.14102041e+00 1.14102041e+00 1.14046143e+00 1.13758166e+00 1.12735500e+00 1.10120647e+00 1.05854644e+00 1.02104102e+00 1.00553966e+00 1.01047995e+00 1.03749126e+00 1.08101303e+00 1.11678018e+00 1.13386599e+00 1.13953521e+00 1.14086131e+00 1.14106321e+00
1.14179339e+00 1.14177783e+00 1.14137747e+00 1.13830580e+00 1.12629449e+00 1.09482964e+00 1.04809433e+00 1.01455581e+00 1.00796281e+00 1.02811906e+00 1.07179017e+00 1.11346365e+00 1.13405142e+00 1.14044486e+00 1.14169744e+00 1.14179200e+00 1.14179200e+00 1.14169744e+00 1.14044486e+00 1.13405142e+00 1.11346365e+00 1.07179017e+00 1.02811906e+00 1.00796281e+00 1.01455581e+00 1.04809433e+00 1.09482964e+00 1.12629449e+00 1.13830580e+00 1.14137747e+00 1.14177783e+00 1.14179339e+00
1.14210972e+00 1.14214867e+00 1.14219168e+00 1.14082064e+00 1.13311896e+00 1.10739150e+00 1.05986130e+00 1.01974182e+00 1.01120274e+00 1.03658984e+00 1.08518842e+00 1.12338308e+00 1.13831241e+00 1.14188257e+00 1.14219709e+00 1.14212038e+00 1.14212038e+00 1.14219709e+00 1.14188257e+00 1.13831241e+00 1.12338308e+00 1.08518842e+00 1.03658984e+00 1.01120274e+00 1.01974182e+00 1.05986130e+00 1.10739150e+00 1.13311896e+00 1.14082064e+00 1.14219168e+00 1.14214867e+00 1.14210972e+00
1.14230942e+00 1.14232875e+00 1.14249414e+00 1.14210005e+00 1.13760488e+00 1.11805945e+00 1.07232609e+00 1.02615993e+00 1.01543619e+00 1.04636802e+00 1.09798598e+00 1.13080658e+00 1.14077667e+00 1.14251011e+00 1.14238660e+00 1.14231621e+00 1.14231621e+00 1.14238660e+00 1.14251011e+00 1.14077667e+00 1.13080658e+00 1.09798598e+00 1.04636802e+00 1.01543619e+00 1.02615993e+00 1.07232609e+00 1.11805945e+00 1.13760488e+00 1.14210005e+00 1.14249414e+00 1.14232875e+00 1.14230942e+00
1.14250793e+00 1.14248003e+00 1.14258934e+00 1.14267845e+00 1.14030543e+00 1.12650873e+00 1.08490658e+00 1.03388398e+00 1.02084387e+00 1.05724058e+00 1.10950576e+00 1.13593863e+00 1.14207097e+00 1.14273517e+00 1.14248885e+00 1.14250461e+00 1.14250461e+00 1.14248885e+00 1.14273517e+00 1.14207097e+00 1.13593863e+00 1.10950576e+00 1.05724058e+00 1.02084387e+00 1.03388398e+00 1.08490658e+00 1.12650873e+00 1.14030543e+00 1.14267845e+00 1.14258934e+00 1.14248003e+00 1.14250793e+00
