# mapa exacto (Lambda, theta) | filas = Lambda (32), columnas = theta (32) | sector=even, sign=+1, nph_wig=85
1.00000000e+00 1.00000000e+00 1.00000000e+00 1.00000000e+00 1.00000000e+00 1.00000000e+00 1.00000000e+00 1.00000000e+00 1.00000000e+00 1.00000000e+00 1.00000000e+00 1.00000000e+00 1.00000000e+00 1.00000000e+00 1.00000000e+00 1.00000000e+00 1.00000000e+00 1.00000000e+00 1.00000000e+00 1.00000000e+00 1.00000000e+00 1.00000000e+00 1.00000000e+00 1.00000000e+00 1.00000000e+00 1.00000000e+00 1.00000000e+00 1.00000000e+00 1.00000000e+00 1.00000000e+00 1.00000000e+00 1.00000000e+00
1.00000000e+00 1.00000000e+00 1.00000000e+00 1.00000000e+00 1.00000000e+00 1.00000000e+00 1.00000000e+00 1.00000000e+00 1.00000000e+00 1.00000000e+00 1.00000000e+00 1.00000000e+00 1.00000000e+00 1.00000000e+00 1.00000000e+00 1.00000000e+00 1.00000000e+00 1.00000000e+00 1.00000000e+00 1.00000000e+00 1.00000000e+00 1.00000000e+00 1.00000000e+00 1.00000000e+00 1.00000000e+00 1.00000000e+00 1.00000000e+00 1.00000000e+00 1.00000000e+00 1.00000000e+00 1.00000000e+00 1.00000000e+00
1.00000000e+00 1.00000000e+00 1.00000000e+00 1.00000000e+00 1.00000000e+00 1.00000000e+00 1.00000000e+00 1.00000000e+00 1.00000000e+00 1.00000000e+00 1.00000000e+00 1.00000000e+00 1.00000000e+00 1.00000000e+00 1.00000000e+00 1.00000000e+00 1.00000000e+00 1.00000000e+00 1.00000000e+00 1.00000000e+00 1.00000000e+00 1.00000000e+00 1.00000000e+00 1.00000000e+00 1.00000000e+00 1.00000000e+00 1.00000000e+00 1.00000000e+00 1.00000000e+00 1.00000000e+00 1.00000000e+00 1.00000000e+00
1.00000000e+00 1.00000000e+00 1.00000000e+00 1.00000000e+00 1.00000001e+00 1.00000001e+00 1.00000002e+00 1.00000002e+00 1.00000002e+00 1.00000002e+00 1.00000001e+00 1.00000001e+00 1.00000000e+00 1.00000000e+00 1.00000000e+00 1.00000000e+00 1.00000000e+00 1.00000000e+00 1.00000000e+00 1.00000000e+00 1.00000001e+00 1.00000001e+00 1.00000002e+00 1.00000002e+00 1.00000002e+00 1.00000002e+00 1.00000001e+00 1.00000001e+00 1.00000000e+00 1.00000000e+00 1.00000000e+00 1.00000000e+00
1.00000000e+00 1.00000000e+00 1.00000000e+00 1.00000002e+00 1.00000004e+00 1.00000010e+00 1.00000017e+00 1.00000024e+00 1.00000025e+00 1.00000021e+00 1.00000013e+00 1.00000007e+00 1.00000003e+00 1.00000001e+00 1.00000000e+00 1.00000000e+00 1.00000000e+00 1.00000000e+00 1.00000001e+00 1.00000003e+00 1.00000007e+00 1.00000013e+00 1.00000021e+00 1.00000025e+00 1.00000024e+00 1.00000017e+00 1.00000010e+00 1.00000004e+00 1.00000002e+00 1.00000000e+00 1.00000000e+00 1.00000000e+00
1.00000000e+00 1.00000001e+00 1.00000002e+00 1.00000010e+00 1.00000031e+00 1.00000078e+00 1.00000149e+00 1.00000213e+00 1.00000229e+00 1.00000185e+00 1.00000112e+00 1.00000051e+00 1.00000018e+00 1.00000005e+00 1.00000001e+00 1.00000000e+00 1.00000000e+00 1.00000001e+00 1.00000005e+00 1.00000018e+00 1.00000051e+00 1.00000112e+00 1.00000185e+00 1.00000229e+00 1.00000213e+00 1.00000149e+00 1.00000078e+00 1.00000031e+00 1.00000010e+00 1.00000002e+00 1.00000001e+00 1.00000000e+00
1.00000001e+00 1.00000002e+00 1.00000010e+00 1.00000050e+00 1.00000185e+00 1.00000507e+00 1.00001017e+00 1.00001490e+00 1.00001608e+00 1.00001279e+00 1.00000747e+00 1.00000318e+00 1.00000099e+00 1.00000023e+00 1.00000004e+00 1.00000001e+00 1.00000001e+00 1.00000004e+00 1.00000023e+00 1.00000099e+00 1.00000318e+00 1.00000747e+00 1.00001279e+00 1.00001608e+00 1.00001490e+00 1.00001017e+00 1.00000507e+00 1.00000185e+00 1.00000050e+00 1.00000010e+00 1.00000002e+00 1.00000001e+00
1.00000002e+00 1.00000006e+00 1.00000040e+00 1.00000225e+00 1.00000920e+00 1.00002657e+00 1.00005427e+00 1.00007996e+00 1.00008632e+00 1.00006854e+00 1.00003961e+00 1.00001635e+00 1.00000475e+00 1.00000098e+00 1.00000016e+00 1.00000002e+00 1.00000002e+00 1.00000016e+00 1.00000098e+00 1.00000475e+00 1.00001635e+00 1.00003961e+00 1.00006854e+00 1.00008632e+00 1.00007996e+00 1.00005427e+00 1.00002657e+00 1.00000920e+00 1.00000225e+00 1.00000040e+00 1.00000006e+00 1.00000002e+00
1.00000004e+00 1.00000017e+00 1.00000140e+00 1.00000882e+00 1.00003821e+00 1.00011159e+00 1.00022599e+00 1.00032947e+00 1.00035478e+00 1.00028374e+00 1.00016583e+00 1.00006851e+00 1.00001929e+00 1.00000367e+00 1.00000050e+00 1.00000007e+00 1.00000007e+00 1.00000050e+00 1.00000367e+00 1.00001929e+00 1.00006851e+00 1.00016583e+00 1.00028374e+00 1.00035478e+00 1.00032947e+00 1.00022599e+00 1.00011159e+00 1.00003821e+00 1.00000882e+00 1.00000140e+00 1.00000017e+00 1.00000004e+00
1.00000009e+00 1.00000048e+00 1.00000441e+00 1.00002995e+00 1.00013163e+00 1.00037603e+00 1.00073788e+00 1.00105141e+00 1.00112652e+00 1.00091420e+00 1.00054996e+00 1.00023408e+00 1.00006642e+00 1.00001209e+00 1.00000148e+00 1.00000016e+00 1.00000016e+00 1.00000148e+00 1.00001209e+00 1.00006642e+00 1.00023408e+00 1.00054996e+00 1.00091420e+00 1.00112652e+00 1.00105141e+00 1.00073788e+00 1.00037603e+00 1.00013163e+00 1.00002995e+00 1.00000441e+00 1.00000048e+00 1.00000009e+00
1.00000022e+00 1.00000122e+00 1.00001241e+00 1.00008757e+00 1.00037579e+00 1.00101939e+00 1.00190015e+00 1.00261770e+00 1.00278467e+00 1.00230801e+00 1.00145116e+00 1.00065212e+00 1.00019299e+00 1.00003500e+00 1.00000399e+00 1.00000039e+00 1.00000039e+00 1.00000399e+00 1.00003500e+00 1.00019299e+00 1.00065212e+00 1.00145116e+00 1.00230801e+00 1.00278467e+00 1.00261770e+00 1.00190015e+00 1.00101939e+00 1.00037579e+00 1.00008757e+00 1.00001241e+00 1.00000122e+00 1.00000022e+00
1.00000049e+00 1.00000288e+00 1.00003121e+00 1.00021950e+00 1.00088729e+00 1.00222503e+00 1.00387015e+00 1.00510953e+00 1.00538796e+00 1.00458366e+00 1.00305203e+00 1.00148093e+00 1.00047164e+00 1.00008870e+00 1.00000978e+00 1.00000090e+00 1.00000090e+00 1.00000978e+00 1.00008870e+00 1.00047164e+00 1.00148093e+00 1.00305203e+00 1.00458366e+00 1.00538796e+00 1.00510953e+00 1.00387015e+00 1.00222503e+00 1.00088729e+00 1.00021950e+00 1.00003121e+00 1.00000288e+00 1.00000049e+00
1.00000105e+00 1.00000632e+00 1.00006992e+00 1.00047038e+00 1.00173173e+00 1.00391862e+00 1.00628719e+00 1.00793418e+00 1.00829260e+00 1.00724646e+00 1.00514150e+00 1.00274256e+00 1.00096795e+00 1.00019604e+00 1.00002181e+00 1.00000195e+00 1.00000195e+00 1.00002181e+00 1.00019604e+00 1.00096795e+00 1.00274256e+00 1.00514150e+00 1.00724646e+00 1.00829260e+00 1.00793418e+00 1.00628719e+00 1.00391862e+00 1.00173173e+00 1.00047038e+00 1.00006992e+00 1.00000632e+00 1.00000105e+00
1.00000223e+00 1.00001301e+00 1.00014025e+00 1.00086632e+00 1.00281683e+00 1.00567500e+00 1.00843921e+00 1.01027106e+00 1.01066459e+00 1.00951162e+00 1.00712874e+00 1.00419314e+00 1.00167884e+00 1.00037962e+00 1.00004455e+00 1.00000406e+00 1.00000406e+00 1.00004455e+00 1.00037962e+00 1.00167884e+00 1.00419314e+00 1.00712874e+00 1.00951162e+00 1.01066459e+00 1.01027106e+00 1.00843921e+00 1.00567500e+00 1.00281683e+00 1.00086632e+00 1.00014025e+00 1.00001301e+00 1.00000223e+00
1.00000457e+00 1.00002545e+00 1.00025573e+00 1.00139770e+00 1.00393832e+00 1.00715659e+00 1.01014599e+00 1.01214947e+00 1.01258440e+00 1.01131487e+00 1.00872849e+00 1.00552573e+00 1.00251804e+00 1.00065493e+00 1.00008462e+00 1.00000817e+00 1.00000817e+00 1.00008462e+00 1.00065493e+00 1.00251804e+00 1.00552573e+00 1.00872849e+00 1.01131487e+00 1.01258440e+00 1.01214947e+00 1.01014599e+00 1.00715659e+00 1.00393832e+00 1.00139770e+00 1.00025573e+00 1.00002545e+00 1.00000457e+00
1.00000915e+00 1.00004809e+00 1.00043421e+00 1.00204621e+00 1.00504725e+00 1.00866633e+00 1.01219426e+00 1.01465327e+00 1.01519481e+00 1.01362130e+00 1.01049769e+00 1.00681977e+00 1.00342281e+00 1.00103602e+00 1.00015249e+00 1.00001603e+00 1.00001603e+00 1.00015249e+00 1.00103602e+00 1.00342281e+00 1.00681977e+00 1.01049769e+00 1.01362130e+00 1.01519481e+00 1.01465327e+00 1.01219426e+00 1.00866633e+00 1.00504725e+00 1.00204621e+00 1.00043421e+00 1.00004809e+00 1.00000915e+00
1.00001780e+00 1.00008865e+00 1.00070454e+00 1.00285155e+00 1.00645685e+00 1.01106139e+00 1.01580755e+00 1.01916919e+00 1.01991142e+00 1.01775610e+00 1.01350720e+00 1.00866395e+00 1.00450880e+00 1.00155561e+00 1.00026547e+00 1.00003072e+00 1.00003072e+00 1.00026547e+00 1.00155561e+00 1.00450880e+00 1.00866395e+00 1.01350720e+00 1.01775610e+00 1.01991142e+00 1.01916919e+00 1.01580755e+00 1.01106139e+00 1.00645685e+00 1.00285155e+00 1.00070454e+00 1.00008865e+00 1.00001780e+00
1.00003372e+00 1.00016004e+00 1.00111561e+00 1.00397196e+00 1.00875864e+00 1.01528762e+00 1.02205536e+00 1.02678508e+00 1.02782040e+00 1.02480477e+00 1.01878493e+00 1.01186232e+00 1.00612121e+00 1.00229089e+00 1.00045172e+00 1.00005752e+00 1.00005752e+00 1.00045172e+00 1.00229089e+00 1.00612121e+00 1.01186232e+00 1.01878493e+00 1.02480477e+00 1.02782040e+00 1.02678508e+00 1.02205536e+00 1.01528762e+00 1.00875864e+00 1.00397196e+00 1.00111561e+00 1.00016004e+00 1.00003372e+00
1.00006221e+00 1.00028291e+00 1.00174628e+00 1.00569866e+00 1.01260652e+00 1.02209947e+00 1.03160875e+00 1.03804056e+00 1.03942535e+00 1.03536875e+00 1.02705889e+00 1.01715077e+00 1.00875297e+00 1.00338671e+00 1.00075512e+00 1.00010513e+00 1.00010513e+00 1.00075512e+00 1.00338671e+00 1.00875297e+00 1.01715077e+00 1.02705889e+00 1.03536875e+00 1.03942535e+00 1.03804056e+00 1.03160875e+00 1.02209947e+00 1.01260652e+00 1.00569866e+00 1.00174628e+00 1.00028291e+00 1.00006221e+00
1.00011178e+00 1.00048879e+00 1.00271563e+00 1.00841848e+00 1.01857138e+00 1.03194548e+00 1.04459256e+00 1.05275474e+00 1.05447202e+00 1.04940147e+00 1.03863011e+00 1.02507186e+00 1.01292560e+00 1.00506688e+00 1.00124081e+00 1.00018727e+00 1.00018727e+00 1.00124081e+00 1.00506688e+00 1.01292560e+00 1.02507186e+00 1.03863011e+00 1.04940147e+00 1.05447202e+00 1.05275474e+00 1.04459256e+00 1.03194548e+00 1.01857138e+00 1.00841848e+00 1.00271563e+00 1.00048879e+00 1.00011178e+00
1.00019570e+00 1.00082382e+00 1.00419082e+00 1.01255050e+00 1.02705691e+00 1.04484245e+00 1.06044091e+00 1.06992365e+00 1.07186111e+00 1.06608255e+00 1.05322667e+00 1.03587843e+00 1.01909938e+00 1.00762501e+00 1.00200068e+00 1.00032485e+00 1.00032485e+00 1.00200068e+00 1.00762501e+00 1.01909938e+00 1.03587843e+00 1.05322667e+00 1.06608255e+00 1.07186111e+00 1.06992365e+00 1.06044091e+00 1.04484245e+00 1.02705691e+00 1.01255050e+00 1.00419082e+00 1.00082382e+00 1.00019570e+00
1.00033396e+00 1.00135257e+00 1.00638808e+00 1.01848033e+00 1.03820113e+00 1.06024682e+00 1.07787954e+00 1.08784642e+00 1.08981086e+00 1.08387882e+00 1.06991539e+00 1.04940588e+00 1.02759749e+00 1.01139409e+00 1.00315804e+00 1.00054858e+00 1.00054858e+00 1.00315804e+00 1.01139409e+00 1.02759749e+00 1.04940588e+00 1.06991539e+00 1.08387882e+00 1.08981086e+00 1.08784642e+00 1.07787954e+00 1.06024682e+00 1.03820113e+00 1.01848033e+00 1.00638808e+00 1.00135257e+00 1.00033396e+00
1.00055570e+00 1.00216145e+00 1.00956202e+00 1.02649148e+00 1.05176135e+00 1.07703794e+00 1.09516270e+00 1.10455791e+00 1.10633078e+00 1.10089594e+00 1.08720657e+00 1.06497673e+00 1.03851370e+00 1.01670101e+00 1.00486956e+00 1.00090181e+00 1.00090181e+00 1.00486956e+00 1.01670101e+00 1.03851370e+00 1.06497673e+00 1.08720657e+00 1.10089594e+00 1.10633078e+00 1.10455791e+00 1.09516270e+00 1.07703794e+00 1.05176135e+00 1.02649148e+00 1.00956202e+00 1.00216145e+00 1.00055570e+00
1.00090208e+00 1.00336089e+00 1.01398107e+00 1.03668566e+00 1.06704674e+00 1.09370632e+00 1.11054742e+00 1.11842970e+00 1.11984032e+00 1.11543535e+00 1.10340094e+00 1.08143565e+00 1.05161488e+00 1.02381037e+00 1.00732254e+00 1.00144361e+00 1.00144361e+00 1.00732254e+00 1.02381037e+00 1.05161488e+00 1.08143565e+00 1.10340094e+00 1.11543535e+00 1.11984032e+00 1.11842970e+00 1.11054742e+00 1.09370632e+00 1.06704674e+00 1.03668566e+00 1.01398107e+00 1.00336089e+00 1.00090208e+00
1.00142936e+00 1.00508542e+00 1.01988980e+00 1.04890161e+00 1.08297241e+00 1.10872909e+00 1.12280615e+00 1.12864067e+00 1.12961788e+00 1.12649434e+00 1.11706758e+00 1.09736681e+00 1.06628781e+00 1.03285940e+00 1.01072500e+00 1.00225144e+00 1.00225144e+00 1.01072500e+00 1.03285940e+00 1.06628781e+00 1.09736681e+00 1.11706758e+00 1.12649434e+00 1.12961788e+00 1.12864067e+00 1.12280615e+00 1.10872909e+00 1.08297241e+00 1.04890161e+00 1.01988980e+00 1.00508542e+00 1.00142936e+00
1.00221196e+00 1.00749045e+00 1.02746078e+00 1.06266523e+00 1.09826259e+00 1.12098462e+00 1.13151930e+00 1.13527763e+00 1.13585435e+00 1.13395273e+00 1.12742818e+00 1.11144319e+00 1.08158433e+00 1.04379110e+00 1.01528687e+00 1.00342320e+00 1.00342320e+00 1.01528687e+00 1.04379110e+00 1.08158433e+00 1.11144319e+00 1.12742818e+00 1.13395273e+00 1.13585435e+00 1.13527763e+00 1.13151930e+00 1.12098462e+00 1.09826259e+00 1.06266523e+00 1.02746078e+00 1.00749045e+00 1.00221196e+00
1.00334512e+00 1.01074488e+00 1.03674160e+00 1.07721005e+00 1.11174987e+00 1.13001120e+00 1.13702152e+00 1.13906823e+00 1.13934458e+00 1.13839083e+00 1.13446319e+00 1.12276532e+00 1.09638430e+00 1.05630431e+00 1.02119170e+00 1.00507784e+00 1.00507784e+00 1.02119170e+00 1.05630431e+00 1.09638430e+00 1.12276532e+00 1.13446319e+00 1.13839083e+00 1.13934458e+00 1.13906823e+00 1.13702152e+00 1.13001120e+00 1.11174987e+00 1.07721005e+00 1.03674160e+00 1.01074488e+00 1.00334512e+00
1.00494681e+00 1.01501829e+00 1.04760747e+00 1.09158723e+00 1.12265245e+00 1.13600066e+00 1.14009015e+00 1.14096030e+00 1.14105288e+00 1.14070465e+00 1.13872691e+00 1.13103738e+00 1.10963717e+00 1.06984668e+00 1.02856094e+00 1.00735409e+00 1.00735409e+00 1.02856094e+00 1.06984668e+00 1.10963717e+00 1.13103738e+00 1.13872691e+00 1.14070465e+00 1.14105288e+00 1.14096030e+00 1.14009015e+00 1.13600066e+00 1.12265245e+00 1.09158723e+00 1.04760747e+00 1.01501829e+00 1.00494681e+00
1.00715815e+00 1.02046269e+00 1.05973454e+00 1.10484626e+00 1.13071334e+00 1.13957298e+00 1.14158552e+00 1.14178814e+00 1.14179319e+00 1.14175280e+00 1.14101959e+00 1.13651835e+00 1.12059489e+00 1.08367020e+00 1.03741540e+00 1.01040654e+00 1.01040654e+00 1.03741540e+00 1.08367020e+00 1.12059489e+00 1.13651835e+00 1.14101959e+00 1.14175280e+00 1.14179319e+00 1.14178814e+00 1.14158552e+00 1.13957298e+00 1.13071334e+00 1.10484626e+00 1.05973454e+00 1.02046269e+00 1.00715815e+00
1.01014195e+00 1.02718900e+00 1.07261009e+00 1.11622946e+00 1.13615700e+00 1.14148080e+00 1.14221170e+00 1.14213162e+00 1.14211286e+00 1.14217195e+00 1.14209901e+00 1.13980793e+00 1.12894514e+00 1.09694794e+00 1.04764211e+00 1.01439841e+00 1.01439841e+00 1.04764211e+00 1.09694794e+00 1.12894514e+00 1.13980793e+00 1.14209901e+00 1.14217195e+00 1.14211286e+00 1.14213162e+00 1.14221170e+00 1.14148080e+00 1.13615700e+00 1.11622946e+00 1.07261009e+00 1.02718900e+00 1.01014195e+00
1.01407872e+00 1.03524142e+00 1.08558784e+00 1.12531118e+00 1.13951189e+00 1.14238436e+00 1.14243820e+00 1.14231970e+00 1.14231224e+00 1.14234975e+00 1.14253073e+00 1.14159401e+00 1.13480225e+00 1.10892387e+00 1.05897687e+00 1.01949073e+00 1.01949073e+00 1.05897687e+00 1.10892387e+00 1.13480225e+00 1.14159401e+00 1.14253073e+00 1.14234975e+00 1.14231224e+00 1.14231970e+00 1.14243820e+00 1.14238436e+00 1.13951189e+00 1.12531118e+00 1.08558784e+00 1.03524142e+00 1.01407872e+00
1.01915949e+00 1.04457483e+00 1.09798249e+00 1.13203563e+00 1.14139787e+00 1.14275313e+00 1.14252627e+00 1.14249261e+00 1.14250873e+00 1.14247585e+00 1.14266762e+00 1.14246870e+00 1.13858063e+00 1.11904965e+00 1.07101254e+00 1.02582875e+00 1.02582875e+00 1.07101254e+00 1.11904965e+00 1.13858063e+00 1.14246870e+00 1.14266762e+00 1.14247585e+00 1.14250873e+00 1.14249261e+00 1.14252627e+00 1.14275313e+00 1.14139787e+00 1.13203563e+00 1.09798249e+00 1.04457483e+00 1.01915949e+00
