# mapa exacto (Lambda, theta) | filas = Lambda (32), columnas = theta (32) | sector=even, sign=+1, nph_wig=85
1.00000000e+00 1.00000000e+00 1.00000000e+00 1.00000000e+00 1.00000000e+00 1.00000000e+00 1.00000000e+00 1.00000000e+00 1.00000000e+00 1.00000000e+00 1.00000000e+00 1.00000000e+00 1.00000000e+00 1.00000000e+00 1.00000000e+00 1.00000000e+00 1.00000000e+00 1.00000000e+00 1.00000000e+00 1.00000000e+00 1.00000000e+00 1.00000000e+00 1.00000000e+00 1.00000000e+00 1.00000000e+00 1.00000000e+00 1.00000000e+00 1.00000000e+00 1.00000000e+00 1.00000000e+00 1.00000000e+00 1.00000000e+00
1.00000000e+00 1.00000000e+00 2.00000000e+00 2.00000000e+00 2.00000000e+00 2.00000000e+00 2.00000000e+00 1.00000000e+00 1.00000000e+00 2.00000000e+00 2.00000000e+00 2.00000000e+00 2.00000000e+00 2.00000000e+00 2.00000000e+00 1.00000000e+00 1.00000000e+00 2.00000000e+00 2.00000000e+00 2.00000000e+00 2.00000000e+00 2.00000000e+00 2.00000000e+00 1.00000000e+00 1.00000000e+00 2.00000000e+00 2.00000000e+00 2.00000000e+00 2.00000000e+00 2.00000000e+00 1.00000000e+00 1.00000000e+00
1.00000000e+00 2.00000000e+00 2.00000000e+00 2.00000000e+00 2.00000000e+00 2.00000000e+00 2.00000000e+00 2.00000000e+00 1.00000000e+00 2.00000000e+00 2.00000000e+00 2.00000000e+00 2.00000000e+00 2.00000000e+00 2.00000000e+00 2.00000000e+00 2.00000000e+00 2.00000000e+00 2.00000000e+00 2.00000000e+00 2.00000000e+00 2.00000000e+00 2.00000000e+00 1.00000000e+00 2.00000000e+00 2.00000000e+00 2.00000000e+00 2.00000000e+00 2.00000000e+00 2.00000000e+00 2.00000000e+00 1.00000000e+00
1.00000000e+00 2.00000000e+00 2.00000000e+00 2.00000000e+00 2.00000000e+00 2.00000000e+00 2.00000000e+00 2.00000000e+00 2.00000000e+00 2.00000000e+00 2.00000000e+00 2.00000000e+00 2.00000000e+00 2.00000000e+00 2.00000000e+00 2.00000000e+00 2.00000000e+00 2.00000000e+00 2.00000000e+00 2.00000000e+00 2.00000000e+00 2.00000000e+00 2.00000000e+00 2.00000000e+00 2.00000000e+00 2.00000000e+00 2.00000000e+00 2.00000000e+00 2.00000000e+00 2.00000000e+00 2.00000000e+00 1.00000000e+00
1.00000000e+00 2.00000000e+00 2.00000000e+00 2.00000000e+00 2.00000000e+00 2.00000000e+00 2.00000000e+00 2.00000000e+00 2.00000000e+00 2.00000000e+00 2.00000000e+00 2.00000000e+00 2.00000000e+00 2.00000000e+00 2.00000000e+00 2.00000000e+00 2.00000000e+00 2.00000000e+00 2.00000000e+00 2.00000000e+00 2.00000000e+00 2.00000000e+00 2.00000000e+00 2.00000000e+00 2.00000000e+00 2.00000000e+00 2.00000000e+00 2.00000000e+00 2.00000000e+00 2.00000000e+00 2.00000000e+00 1.00000000e+00
1.00000000e+00 2.00000000e+00 2.00000000e+00 3.00000000e+00 3.00000000e+00 3.00000000e+00 2.00000000e+00 2.00000000e+00 2.00000000e+00 2.00000000e+00 3.00000000e+00 3.00000000e+00 3.00000000e+00 3.00000000e+00 2.00000000e+00 2.00000000e+00 2.00000000e+00 2.00000000e+00 3.00000000e+00 3.00000000e+00 3.00000000e+00 3.00000000e+00 2.00000000e+00 2.00000000e+00 2.00000000e+00 2.00000000e+00 3.00000000e+00 3.00000000e+00 3.00000000e+00 2.00000000e+00 2.00000000e+00 1.00000000e+00
1.00000000e+00 2.00000000e+00 3.00000000e+00 3.00000000e+00 3.00000000e+00 3.00000000e+00 3.00000000e+00 2.00000000e+00 2.00000000e+00 2.00000000e+00 3.00000000e+00 3.00000000e+00 3.00000000e+00 3.00000000e+00 3.00000000e+00 2.00000000e+00 2.00000000e+00 3.00000000e+00 3.00000000e+00 3.00000000e+00 3.00000000e+00 3.00000000e+00 2.00000000e+00 2.00000000e+00 2.00000000e+00 3.00000000e+00 3.00000000e+00 3.00000000e+00 3.00000000e+00 3.00000000e+00 2.00000000e+00 1.00000000e+00
1.00000000e+00 2.00000000e+00 3.00000000e+00 4.00000000e+00 4.00000000e+00 4.00000000e+00 3.00000000e+00 2.00000000e+00 2.00000000e+00 3.00000000e+00 3.00000000e+00 4.00000000e+00 4.00000000e+00 3.00000000e+00 3.00000000e+00 2.00000000e+00 2.00000000e+00 3.00000000e+00 3.00000000e+00 4.00000000e+00 4.00000000e+00 3.00000000e+00 3.00000000e+00 2.00000000e+00 2.00000000e+00 3.00000000e+00 4.00000000e+00 4.00000000e+00 4.00000000e+00 3.00000000e+00 2.00000000e+00 1.00000000e+00
1.00000000e+00 3.00000000e+00 4.00000000e+00 4.00000000e+00 4.00000000e+00 4.00000000e+00 3.00000000e+00 2.00000000e+00 2.00000000e+00 3.00000000e+00 4.00000000e+00 4.00000000e+00 4.00000000e+00 4.00000000e+00 3.00000000e+00 2.00000000e+00 2.00000000e+00 3.00000000e+00 4.00000000e+00 4.00000000e+00 4.00000000e+00 4.00000000e+00 3.00000000e+00 2.00000000e+00 2.00000000e+00 3.00000000e+00 4.00000000e+00 4.00000000e+00 4.00000000e+00 4.00000000e+00 3.00000000e+00 1.00000000e+00
1.00000000e+00 3.00000000e+00 4.00000000e+00 4.00000000e+00 4.00000000e+00 4.00000000e+00 4.00000000e+00 2.00000000e+00 2.00000000e+00 3.00000000e+00 4.00000000e+00 4.00000000e+00 4.00000000e+00 4.00000000e+00 3.00000000e+00 2.00000000e+00 2.00000000e+00 3.00000000e+00 4.00000000e+00 4.00000000e+00 4.00000000e+00 4.00000000e+00 3.00000000e+00 2.00000000e+00 2.00000000e+00 4.00000000e+00 4.00000000e+00 4.00000000e+00 4.00000000e+00 4.00000000e+00 3.00000000e+00 1.00000000e+00
1.00000000e+00 3.00000000e+00 4.00000000e+00 4.00000000e+00 4.00000000e+00 4.00000000e+00 4.00000000e+00 3.00000000e+00 2.00000000e+00 3.00000000e+00 4.00000000e+00 4.00000000e+00 4.00000000e+00 4.00000000e+00 4.00000000e+00 2.00000000e+00 2.00000000e+00 4.00000000e+00 4.00000000e+00 4.00000000e+00 4.00000000e+00 4.00000000e+00 3.00000000e+00 2.00000000e+00 3.00000000e+00 4.00000000e+00 4.00000000e+00 4.00000000e+00 4.00000000e+00 4.00000000e+00 3.00000000e+00 1.00000000e+00
1.00000000e+00 3.00000000e+00 4.00000000e+00 4.00000000e+00 4.00000000e+00 4.00000000e+00 4.00000000e+00 3.00000000e+00 2.00000000e+00 4.00000000e+00 4.00000000e+00 4.00000000e+00 4.00000000e+00 4.00000000e+00 4.00000000e+00 2.00000000e+00 2.00000000e+00 4.00000000e+00 4.00000000e+00 4.00000000e+00 4.00000000e+00 4.00000000e+00 4.00000000e+00 2.00000000e+00 3.00000000e+00 4.00000000e+00 4.00000000e+00 4.00000000e+00 4.00000000e+00 4.00000000e+00 3.00000000e+00 1.00000000e+00
1.00000000e+00 3.00000000e+00 4.00000000e+00 4.00000000e+00 5.00000000e+00 4.00000000e+00 4.00000000e+00 3.00000000e+00 2.00000000e+00 4.00000000e+00 4.00000000e+00 5.00000000e+00 5.00000000e+00 4.00000000e+00 4.00000000e+00 2.00000000e+00 2.00000000e+00 4.00000000e+00 4.00000000e+00 5.00000000e+00 5.00000000e+00 4.00000000e+00 4.00000000e+00 2.00000000e+00 3.00000000e+00 4.00000000e+00 4.00000000e+00 5.00000000e+00 4.00000000e+00 4.00000000e+00 3.00000000e+00 1.00000000e+00
1.00000000e+00 4.00000000e+00 4.00000000e+00 5.00000000e+00 5.00000000e+00 4.00000000e+00 4.00000000e+00 3.00000000e+00 2.00000000e+00 4.00000000e+00 4.00000000e+00 5.00000000e+00 5.00000000e+00 4.00000000e+00 4.00000000e+00 3.00000000e+00 3.00000000e+00 4.00000000e+00 4.00000000e+00 5.00000000e+00 5.00000000e+00 4.00000000e+00 4.00000000e+00 2.00000000e+00 3.00000000e+00 4.00000000e+00 4.00000000e+00 5.00000000e+00 5.00000000e+00 4.00000000e+00 4.00000000e+00 1.00000000e+00
1.00000000e+00 4.00000000e+00 4.00000000e+00 5.00000000e+00 5.00000000e+00 5.00000000e+00 4.00000000e+00 3.00000000e+00 2.00000000e+00 4.00000000e+00 4.00000000e+00 5.00000000e+00 5.00000000e+00 4.00000000e+00 4.00000000e+00 3.00000000e+00 3.00000000e+00 4.00000000e+00 4.00000000e+00 5.00000000e+00 5.00000000e+00 4.00000000e+00 4.00000000e+00 2.00000000e+00 3.00000000e+00 4.00000000e+00 5.00000000e+00 5.00000000e+00 5.00000000e+00 4.00000000e+00 4.00000000e+00 1.00000000e+00
1.00000000e+00 4.00000000e+00 4.00000000e+00 5.00000000e+00 6.00000000e+00 5.00000000e+00 4.00000000e+00 3.00000000e+00 2.00000000e+00 4.00000000e+00 4.00000000e+00 5.00000000e+00 5.00000000e+00 4.00000000e+00 4.00000000e+00 3.00000000e+00 3.00000000e+00 4.00000000e+00 4.00000000e+00 5.00000000e+00 5.00000000e+00 4.00000000e+00 4.00000000e+00 2.00000000e+00 3.00000000e+00 4.00000000e+00 5.00000000e+00 6.00000000e+00 5.00000000e+00 4.00000000e+00 4.00000000e+00 1.00000000e+00
1.00000000e+00 4.00000000e+00 4.00000000e+00 5.00000000e+00 5.00000000e+00 4.00000000e+00 4.00000000e+00 3.00000000e+00 2.00000000e+00 4.00000000e+00 4.00000000e+00 5.00000000e+00 5.00000000e+00 4.00000000e+00 4.00000000e+00 3.00000000e+00 3.00000000e+00 4.00000000e+00 4.00000000e+00 5.00000000e+00 5.00000000e+00 4.00000000e+00 4.00000000e+00 2.00000000e+00 3.00000000e+00 4.00000000e+00 4.00000000e+00 5.00000000e+00 5.00000000e+00 4.00000000e+00 4.00000000e+00 1.00000000e+00
1.00000000e+00 4.00000000e+00 4.00000000e+00 4.00000000e+00 4.00000000e+00 4.00000000e+00 4.00000000e+00 3.00000000e+00 2.00000000e+00 4.00000000e+00 4.00000000e+00 4.00000000e+00 4.00000000e+00 4.00000000e+00 4.00000000e+00 3.00000000e+00 3.00000000e+00 4.00000000e+00 4.00000000e+00 4.00000000e+00 4.00000000e+00 4.00000000e+00 4.00000000e+00 2.00000000e+00 3.00000000e+00 4.00000000e+00 4.00000000e+00 4.00000000e+00 4.00000000e+00 4.00000000e+00 4.00000000e+00 1.00000000e+00
1.00000000e+00 4.00000000e+00 4.00000000e+00 4.00000000e+00 4.00000000e+00 4.00000000e+00 4.00000000e+00 4.00000000e+00 2.00000000e+00 4.00000000e+00 4.00000000e+00 4.00000000e+00 4.00000000e+00 4.00000000e+00 4.00000000e+00 3.00000000e+00 3.00000000e+00 4.00000000e+00 4.00000000e+00 4.00000000e+00 4.00000000e+00 4.00000000e+00 4.00000000e+00 2.00000000e+00 4.00000000e+00 4.00000000e+00 4.00000000e+00 4.00000000e+00 4.00000000e+00 4.00000000e+00 4.00000000e+00 1.00000000e+00
1.00000000e+00 4.00000000e+00 4.00000000e+00 4.00000000e+00 4.00000000e+00 4.00000000e+00 4.00000000e+00 4.00000000e+00 2.00000000e+00 4.00000000e+00 4.00000000e+00 4.00000000e+00 4.00000000e+00 4.00000000e+00 4.00000000e+00 3.00000000e+00 3.00000000e+00 4.00000000e+00 4.00000000e+00 4.00000000e+00 4.00000000e+00 4.00000000e+00 4.00000000e+00 2.00000000e+00 4.00000000e+00 4.00000000e+00 4.00000000e+00 4.00000000e+00 4.00000000e+00 4.00000000e+00 4.00000000e+00 1.00000000e+00
1.00000000e+00 4.00000000e+00 4.00000000e+00 4.00000000e+00 4.00000000e+00 4.00000000e+00 4.00000000e+00 4.00000000e+00 2.00000000e+00 4.00000000e+00 4.00000000e+00 4.00000000e+00 4.00000000e+00 4.00000000e+00 4.00000000e+00 3.00000000e+00 3.00000000e+00 4.00000000e+00 4.00000000e+00 4.00000000e+00 4.00000000e+00 4.00000000e+00 4.00000000e+00 2.00000000e+00 4.00000000e+00 4.00000000e+00 4.00000000e+00 4.00000000e+00 4.00000000e+00 4.00000000e+00 4.00000000e+00 1.00000000e+00
1.00000000e+00 4.00000000e+00 4.00000000e+00 4.00000000e+00 4.00000000e+00 4.00000000e+00 4.00000000e+00 4.00000000e+00 2.00000000e+00 4.00000000e+00 4.00000000e+00 4.00000000e+00 4.00000000e+00 4.00000000e+00 4.00000000e+00 3.00000000e+00 3.00000000e+00 4.00000000e+00 4.00000000e+00 4.00000000e+00 4.00000000e+00 4.00000000e+00 4.00000000e+00 2.00000000e+00 4.00000000e+00 4.00000000e+00 4.00000000e+00 4.00000000e+00 4.00000000e+00 4.00000000e+00 4.00000000e+00 1.00000000e+00
1.00000000e+00 4.00000000e+00 4.00000000e+00 4.00000000e+00 4.00000000e+00 4.00000000e+00 4.00000000e+00 4.00000000e+00 2.00000000e+00 4.00000000e+00 4.00000000e+00 4.00000000e+00 4.00000000e+00 4.00000000e+00 4.00000000e+00 3.00000000e+00 3.00000000e+00 4.00000000e+00 4.00000000e+00 4.00000000e+00 4.00000000e+00 4.00000000e+00 4.00000000e+00 2.00000000e+00 4.00000000e+00 4.00000000e+00 4.00000000e+00 4.00000000e+00 4.00000000e+00 4.00000000e+00 4.00000000e+00 1.00000000e+00
1.00000000e+00 4.00000000e+00 4.00000000e+00 4.00000000e+00 4.00000000e+00 4.00000000e+00 4.00000000e+00 4.00000000e+00 2.00000000e+00 4.00000000e+00 4.00000000e+00 4.00000000e+00 4.00000000e+00 4.00000000e+00 4.00000000e+00 3.00000000e+00 3.00000000e+00 4.00000000e+00 4.00000000e+00 4.00000000e+00 4.00000000e+00 4.00000000e+00 4.00000000e+00 2.00000000e+00 4.00000000e+00 4.00000000e+00 4.00000000e+00 4.00000000e+00 4.00000000e+00 4.00000000e+00 4.00000000e+00 1.00000000e+00
1.00000000e+00 4.00000000e+00 4.00000000e+00 4.00000000e+00 4.00000000e+00 4.00000000e+00 4.00000000e+00 4.00000000e+00 2.00000000e+00 4.00000000e+00 4.00000000e+00 4.00000000e+00 4.00000000e+00 4.00000000e+00 4.00000000e+00 3.00000000e+00 3.00000000e+00 4.00000000e+00 4.00000000e+00 4.00000000e+00 4.00000000e+00 4.00000000e+00 4.00000000e+00 2.00000000e+00 4.00000000e+00 4.00000000e+00 4.00000000e+00 4.00000000e+00 4.00000000e+00 4.00000000e+00 4.00000000e+00 1.00000000e+00
1.00000000e+00 4.00000000e+00 4.00000000e+00 4.00000000e+00 4.00000000e+00 4.00000000e+00 4.00000000e+00 4.00000000e+00 2.00000000e+00 4.00000000e+00 4.00000000e+00 4.00000000e+00 4.00000000e+00 4.00000000e+00 4.00000000e+00 3.00000000e+00 3.00000000e+00 4.00000000e+00 4.00000000e+00 4.00000000e+00 4.00000000e+00 4.00000000e+00 4.00000000e+00 2.00000000e+00 4.00000000e+00 4.00000000e+00 4.00000000e+00 4.00000000e+00 4.00000000e+00 4.00000000e+00 4.00000000e+00 1.00000000e+00
1.00000000e+00 4.00000000e+00 4.00000000e+00 4.00000000e+00 4.00000000e+00 4.00000000e+00 4.00000000e+00 4.00000000e+00 2.00000000e+00 4.00000000e+00 4.00000000e+00 4.00000000e+00 4.00000000e+00 4.00000000e+00 4.00000000e+00 3.00000000e+00 3.00000000e+00 4.00000000e+00 4.00000000e+00 4.00000000e+00 4.00000000e+00 4.00000000e+00 4.00000000e+00 2.00000000e+00 4.00000000e+00 4.00000000e+00 4.00000000e+00 4.00000000e+00 4.00000000e+00 4.00000000e+00 4.00000000e+00 1.00000000e+00
1.00000000e+00 4.00000000e+00 4.00000000e+00 4.00000000e+00 4.00000000e+00 4.00000000e+00 4.00000000e+00 4.00000000e+00 2.00000000e+00 4.00000000e+00 4.00000000e+00 4.00000000e+00 4.00000000e+00 4.00000000e+00 4.00000000e+00 3.00000000e+00 3.00000000e+00 4.00000000e+00 4.00000000e+00 4.00000000e+00 4.00000000e+00 4.00000000e+00 4.00000000e+00 2.00000000e+00 4.00000000e+00 4.00000000e+00 4.00000000e+00 4.00000000e+00 4.00000000e+00 4.00000000e+00 4.00000000e+00 1.00000000e+00
1.00000000e+00 4.00000000e+00 4.00000000e+00 4.00000000e+00 4.00000000e+00 4.00000000e+00 4.00000000e+00 4.00000000e+00 2.00000000e+00 4.00000000e+00 4.00000000e+00 4.00000000e+00 4.00000000e+00 4.00000000e+00 4.00000000e+00 3.00000000e+00 3.00000000e+00 4.00000000e+00 4.00000000e+00 4.00000000e+00 4.00000000e+00 4.00000000e+00 4.00000000e+00 2.00000000e+00 4.00000000e+00 4.00000000e+00 4.00000000e+00 4.00000000e+00 4.00000000e+00 4.00000000e+00 4.00000000e+00 1.00000000e+00
1.00000000e+00 4.00000000e+00 4.00000000e+00 4.00000000e+00 4.00000000e+00 4.00000000e+00 4.00000000e+00 4.00000000e+00 2.00000000e+00 4.00000000e+00 4.00000000e+00 4.00000000e+00 4.00000000e+00 4.00000000e+00 4.00000000e+00 3.00000000e+00 3.00000000e+00 4.00000000e+00 4.00000000e+00 4.00000000e+00 4.00000000e+00 4.00000000e+00 4.00000000e+00 2.00000000e+00 4.00000000e+00 4.00000000e+00 4.00000000e+00 4.00000000e+00 4.00000000e+00 4.00000000e+00 4.00000000e+00 1.00000000e+00
1.00000000e+00 4.00000000e+00 4.00000000e+00 4.00000000e+00 4.00000000e+00 4.00000000e+00 4.00000000e+00 4.00000000e+00 2.00000000e+00 4.00000000e+00 4.00000000e+00 4.00000000e+00 4.00000000e+00 4.00000000e+00 4.00000000e+00 2.00000000e+00 2.00000000e+00 4.00000000e+00 4.00000000e+00 4.00000000e+00 4.00000000e+00 4.00000000e+00 4.00000000e+00 2.00000000e+00 4.00000000e+00 4.00000000e+00 4.00000000e+00 4.00000000e+00 4.00000000e+00 4.00000000e+00 4.00000000e+00 1.00000000e+00
1.00000000e+00 4.00000000e+00 4.00000000e+00 4.00000000e+00 4.00000000e+00 4.00000000e+00 4.00000000e+00 4.00000000e+00 2.00000000e+00 4.00000000e+00 4.00000000e+00 4.00000000e+00 4.00000000e+00 4.00000000e+00 4.00000000e+00 2.00000000e+00 2.00000000e+00 4.00000000e+00 4.00000000e+00 4.00000000e+00 4.00000000e+00 4.00000000e+00 4.00000000e+00 2.00000000e+00 4.00000000e+00 4.00000000e+00 4.00000000e+00 4.00000000e+00 4.00000000e+00 4.00000000e+00 4.00000000e+00 1.00000000e+00
