# mapa exacto (Lambda, theta) | filas = Lambda (32), columnas = theta (32) | sector=even, sign=+1, nph_wig=85
-0.00000000e+00 3.31165066e-06 1.03763063e-05 1.67956054e-05 1.88911925e-05 1.54840448e-05 8.49541085e-06 1.97096722e-06 2.53236092e-07 4.89139104e-06 1.22134892e-05 1.78238562e-05 1.85310218e-05 1.39375512e-05 6.64292114e-06 9.31929356e-07 9.31929356e-07 6.64292114e-06 1.39375512e-05 1.85310218e-05 1.78238562e-05 1.22134892e-05 4.89139104e-06 2.53236092e-07 1.97096722e-06 8.49541085e-06 1.54840448e-05 1.88911925e-05 1.67956054e-05 1.03763063e-05 3.31165066e-06 -0.00000000e+00
1.60171325e-16 1.11672275e-03 3.33529996e-03 5.27343368e-03 5.89544125e-03 4.88171099e-03 2.75574803e-03 6.77263457e-04 9.25131164e-05 1.62441878e-03 3.89572338e-03 5.57921080e-03 5.78885952e-03 4.41720625e-03 2.17816159e-03 3.28190934e-04 3.28190934e-04 2.17816159e-03 4.41720625e-03 5.78885952e-03 5.57921080e-03 3.89572338e-03 1.62441878e-03 9.25131164e-05 6.77263457e-04 2.75574803e-03 4.88171099e-03 5.89544125e-03 5.27343368e-03 3.33529996e-03 1.11672275e-03 1.60171325e-16
1.60171325e-16 8.65197193e-03 2.48772438e-02 3.85486315e-02 4.28630451e-02 3.58145639e-02 2.07101331e-02 5.32085521e-03 7.58095892e-04 1.24390169e-02 2.88694081e-02 4.06736047e-02 4.21260311e-02 3.25544182e-02 1.65125621e-02 2.62378741e-03 2.62378741e-03 1.65125621e-02 3.25544182e-02 4.21260311e-02 4.06736047e-02 2.88694081e-02 1.24390169e-02 7.58095892e-04 5.32085521e-03 2.07101331e-02 3.58145639e-02 4.28630451e-02 3.85486315e-02 2.48772438e-02 8.65197193e-03 -3.20342650e-16
-0.00000000e+00 2.88636961e-02 7.98396614e-02 1.20974051e-01 1.33674748e-01 1.12859014e-01 6.70024298e-02 1.79867015e-02 2.66000748e-03 4.10241582e-02 9.19997320e-02 1.27245302e-01 1.31514045e-01 1.03112367e-01 5.39080999e-02 9.01145614e-03 9.01145614e-03 5.39080999e-02 1.03112367e-01 1.31514045e-01 1.27245302e-01 9.19997320e-02 4.10241582e-02 2.66000748e-03 1.79867015e-02 6.70024298e-02 1.12859014e-01 1.33674748e-01 1.20974051e-01 7.98396614e-02 2.88636961e-02 -0.00000000e+00
-0.00000000e+00 6.45957786e-02 1.71340891e-01 2.52841763e-01 2.77257886e-01 2.37060239e-01 1.45106319e-01 4.07883923e-02 6.24496809e-03 9.07229239e-02 1.95830896e-01 2.64940653e-01 2.73128275e-01 2.17915934e-01 1.17921608e-01 2.07483852e-02 2.07483852e-02 1.17921608e-01 2.17915934e-01 2.73128275e-01 2.64940653e-01 1.95830896e-01 9.07229239e-02 6.24496809e-03 4.07883923e-02 1.45106319e-01 2.37060239e-01 2.77257886e-01 2.52841763e-01 1.71340891e-01 6.45957786e-02 -0.00000000e+00
4.80513976e-16 1.13598395e-01 2.87948381e-01 4.12109292e-01 4.47835344e-01 3.88656563e-01 2.46366329e-01 7.26891641e-02 1.14960010e-02 1.57575358e-01 3.26051467e-01 4.29897497e-01 4.41840597e-01 3.59826795e-01 2.02428941e-01 3.75210634e-02 3.75210634e-02 2.02428941e-01 3.59826795e-01 4.41840597e-01 4.29897497e-01 3.26051467e-01 1.57575358e-01 1.14960010e-02 7.26891641e-02 2.46366329e-01 3.88656563e-01 4.47835344e-01 4.12109292e-01 2.87948381e-01 1.13598395e-01 1.60171325e-16
-3.20342650e-16 1.70023474e-01 4.11006943e-01 5.69100116e-01 6.12407862e-01 5.40129447e-01 3.55519833e-01 1.10230691e-01 1.79635799e-02 2.32879110e-01 4.60747048e-01 5.90788762e-01 6.05211199e-01 5.03940038e-01 2.95538779e-01 5.76961783e-02 5.76961783e-02 2.95538779e-01 5.03940038e-01 6.05211199e-01 5.90788762e-01 4.60747048e-01 2.32879110e-01 1.79635799e-02 1.10230691e-01 3.55519833e-01 5.40129447e-01 6.12407862e-01 5.69100116e-01 4.11006943e-01 1.70023474e-01 -0.00000000e+00
3.20342650e-16 2.27546651e-01 5.24884274e-01 7.03592765e-01 7.50044369e-01 6.71896658e-01 4.58977007e-01 1.49391261e-01 2.50166872e-02 3.07836648e-01 5.82595587e-01 7.26997288e-01 7.42403996e-01 6.31623045e-01 3.85980211e-01 7.92108336e-02 7.92108336e-02 3.85980211e-01 6.31623045e-01 7.42403996e-01 7.26997288e-01 5.82595587e-01 3.07836648e-01 2.50166872e-02 1.49391261e-01 4.58977007e-01 6.71896658e-01 7.50044369e-01 7.03592765e-01 5.24884274e-01 2.27546651e-01 1.60171325e-16
-0.00000000e+00 2.81456490e-01 6.21888899e-01 8.10298757e-01 8.56999168e-01 7.77870799e-01 5.49172691e-01 1.86934488e-01 3.20680404e-02 3.76432144e-01 6.84178054e-01 8.33953240e-01 8.49386722e-01 7.36033418e-01 4.66754967e-01 1.00281106e-01 1.00281106e-01 4.66754967e-01 7.36033418e-01 8.49386722e-01 8.33953240e-01 6.84178054e-01 3.76432144e-01 3.20680404e-02 1.86934488e-01 5.49172691e-01 7.77870799e-01 8.56999168e-01 8.10298757e-01 6.21888899e-01 2.81456490e-01 1.60171325e-16
-3.20342650e-16 3.28895494e-01 7.00983252e-01 8.93617873e-01 9.39680893e-01 8.61217936e-01 6.23966321e-01 2.20642571e-01 3.86390557e-02 4.35568230e-01 7.65810709e-01 9.17039655e-01 9.32221898e-01 8.18936946e-01 5.35007266e-01 1.19562984e-01 1.19562984e-01 5.35007266e-01 8.18936946e-01 9.32221898e-01 9.17039655e-01 7.65810709e-01 4.35568230e-01 3.86390557e-02 2.20642571e-01 6.23966321e-01 8.61217936e-01 9.39680893e-01 8.93617873e-01 7.00983252e-01 3.28895494e-01 -6.40685301e-16
6.40685301e-16 3.68276863e-01 7.64263779e-01 9.60108317e-01 1.00579935e+00 9.27676887e-01 6.84116177e-01 2.49030010e-01 4.43375500e-02 4.84025607e-01 8.30944318e-01 9.83405442e-01 9.98436186e-01 8.85025319e-01 5.90336486e-01 1.36042143e-01 1.36042143e-01 5.90336486e-01 8.85025319e-01 9.98436186e-01 9.83405442e-01 8.30944318e-01 4.84025607e-01 4.43375500e-02 2.49030010e-01 6.84116177e-01 9.27676887e-01 1.00579935e+00 9.60108317e-01 7.64263779e-01 3.68276863e-01 -3.20342650e-16
-3.20342650e-16 3.98964333e-01 8.14136441e-01 1.01349273e+00 1.05899727e+00 9.80899841e-01 7.31223606e-01 2.71265217e-01 4.88797910e-02 5.21722561e-01 8.82609164e-01 1.03676196e+00 1.05170164e+00 9.37737415e-01 6.33462331e-01 1.49051627e-01 1.49051627e-01 6.33462331e-01 9.37737415e-01 1.05170164e+00 1.03676196e+00 8.82609164e-01 5.21722561e-01 4.88797910e-02 2.71265217e-01 7.31223606e-01 9.80899841e-01 1.05899727e+00 1.01349273e+00 8.14136441e-01 3.98964333e-01 3.20342650e-16
-3.20342650e-16 4.21600081e-01 8.52214758e-01 1.05329981e+00 1.09777980e+00 1.02100268e+00 7.66999228e-01 2.87575678e-01 5.22194384e-02 5.49786770e-01 9.22063238e-01 1.07614532e+00 1.09070424e+00 9.77797575e-01 6.65913030e-01 1.58585277e-01 1.58585277e-01 6.65913030e-01 9.77797575e-01 1.09070424e+00 1.07614532e+00 9.22063238e-01 5.49786770e-01 5.22194384e-02 2.87575678e-01 7.66999228e-01 1.02100268e+00 1.09777980e+00 1.05329981e+00 8.52214758e-01 4.21600081e-01 -6.40685301e-16
-6.40685301e-16 4.38625960e-01 8.80063048e-01 1.07740893e+00 1.11887184e+00 1.04663595e+00 7.93790781e-01 2.99737756e-01 5.46892109e-02 5.71038738e-01 9.49896778e-01 1.09885380e+00 1.11235862e+00 1.00478457e+00 6.90483217e-01 1.65648628e-01 1.65648628e-01 6.90483217e-01 1.00478457e+00 1.11235862e+00 1.09885380e+00 9.49896778e-01 5.71038738e-01 5.46892109e-02 2.99737756e-01 7.93790781e-01 1.04663595e+00 1.11887184e+00 1.07740893e+00 8.80063048e-01 4.38625960e-01 3.20342650e-16
9.61027951e-16 4.53819922e-01 9.00387190e-01 1.08636544e+00 1.12252032e+00 1.05864926e+00 8.15042774e-01 3.10690958e-01 5.69237193e-02 5.89610992e-01 9.68064149e-01 1.10525742e+00 1.11694661e+00 1.02001618e+00 7.11156173e-01 1.72028990e-01 1.72028990e-01 7.11156173e-01 1.02001618e+00 1.11694661e+00 1.10525742e+00 9.68064149e-01 5.89610992e-01 5.69237193e-02 3.10690958e-01 8.15042774e-01 1.05864926e+00 1.12252032e+00 1.08636544e+00 9.00387190e-01 4.53819922e-01 9.61027951e-16
-3.20342650e-16 4.70532569e-01 9.16526500e-01 1.08453495e+00 1.11391228e+00 1.06100234e+00 8.34210043e-01 3.23099188e-01 5.95278873e-02 6.09145286e-01 9.79948340e-01 1.10010064e+00 1.10950071e+00 1.02709835e+00 7.31548803e-01 1.79388270e-01 1.79388270e-01 7.31548803e-01 1.02709835e+00 1.10950071e+00 1.10010064e+00 9.79948340e-01 6.09145286e-01 5.95278873e-02 3.23099188e-01 8.34210043e-01 1.06100234e+00 1.11391228e+00 1.08453495e+00 9.16526500e-01 4.70532569e-01 -1.28137060e-15
3.20342650e-16 4.90296724e-01 9.30840011e-01 1.07725625e+00 1.09964990e+00 1.05828722e+00 8.53220568e-01 3.38236255e-01 6.28161088e-02 6.31278269e-01 9.88552436e-01 1.08933424e+00 1.09640190e+00 1.02981298e+00 7.53378174e-01 1.88557872e-01 1.88557872e-01 7.53378174e-01 1.02981298e+00 1.09640190e+00 1.08933424e+00 9.88552436e-01 6.31278269e-01 6.28161088e-02 3.38236255e-01 8.53220568e-01 1.05828722e+00 1.09964990e+00 1.07725625e+00 9.30840011e-01 4.90296724e-01 1.12119928e-15
-3.20342650e-16 5.12994687e-01 9.44170160e-01 1.06826994e+00 1.08444217e+00 1.05361575e+00 8.72330409e-01 3.56095921e-01 6.68247209e-02 6.55821878e-01 9.95460476e-01 1.07718199e+00 1.08219767e+00 1.03053193e+00 7.76553545e-01 1.99589769e-01 1.99589769e-01 7.76553545e-01 1.03053193e+00 1.08219767e+00 1.07718199e+00 9.95460476e-01 6.55821878e-01 6.68247209e-02 3.56095921e-01 8.72330409e-01 1.05361575e+00 1.08444217e+00 1.06826994e+00 9.44170160e-01 5.12994687e-01 -9.61027951e-16
-6.40685301e-16 5.37774605e-01 9.56456430e-01 1.05941622e+00 1.07057715e+00 1.04848259e+00 8.90982289e-01 3.76082890e-01 7.14552484e-02 6.81797565e-01 1.00117514e+00 1.06572164e+00 1.06910951e+00 1.03029581e+00 8.00189632e-01 2.12166653e-01 2.12166653e-01 8.00189632e-01 1.03029581e+00 1.06910951e+00 1.06572164e+00 1.00117514e+00 6.81797565e-01 7.14552484e-02 3.76082890e-01 8.90982289e-01 1.04848259e+00 1.07057715e+00 1.05941622e+00 9.56456430e-01 5.37774605e-01 6.40685301e-16
8.00856626e-16 5.63721324e-01 9.67414307e-01 1.05137309e+00 1.05878108e+00 1.04345413e+00 9.08533240e-01 3.97525087e-01 7.65837435e-02 7.08192685e-01 1.00576910e+00 1.05567588e+00 1.05786747e+00 1.02947015e+00 8.23373279e-01 2.25910534e-01 2.25910534e-01 8.23373279e-01 1.02947015e+00 1.05786747e+00 1.05567588e+00 1.00576910e+00 7.08192685e-01 7.65837435e-02 3.97525087e-01 9.08533240e-01 1.04345413e+00 1.05878108e+00 1.05137309e+00 9.67414307e-01 5.63721324e-01 -3.20342650e-16
-9.61027951e-16 5.90108219e-01 9.76849591e-01 1.04430154e+00 1.04905173e+00 1.03871702e+00 9.24539815e-01 4.19873095e-01 8.21057601e-02 7.34235383e-01 1.00925733e+00 1.04714430e+00 1.04850795e+00 1.02819916e+00 8.45442086e-01 2.40506651e-01 2.40506651e-01 8.45442086e-01 1.02819916e+00 1.04850795e+00 1.04714430e+00 1.00925733e+00 7.34235383e-01 8.21057601e-02 4.19873095e-01 9.24539815e-01 1.03871702e+00 1.04905173e+00 1.04430154e+00 9.76849591e-01 5.90108219e-01 -9.61027951e-16
-9.61027951e-16 6.16420502e-01 9.84717138e-01 1.03817536e+00 1.04112701e+00 1.03433442e+00 9.38781602e-01 4.42726061e-01 8.79445412e-02 7.59409430e-01 1.01171080e+00 1.03999806e+00 1.04081660e+00 1.02658756e+00 8.65995187e-01 2.55723221e-01 2.55723221e-01 8.65995187e-01 1.02658756e+00 1.04081660e+00 1.03999806e+00 1.01171080e+00 7.59409430e-01 8.79445412e-02 4.42726061e-01 9.38781602e-01 1.03433442e+00 1.04112701e+00 1.03817536e+00 9.84717138e-01 6.16420502e-01 1.60171325e-16
1.60171325e-16 6.42307567e-01 9.91086764e-01 1.03291119e+00 1.03469229e+00 1.03033255e+00 9.51203380e-01 4.65800993e-01 9.40463335e-02 7.83392123e-01 1.01325677e+00 1.03404701e+00 1.03452196e+00 1.02474232e+00 8.84825994e-01 2.71395856e-01 2.71395856e-01 8.84825994e-01 1.02474232e+00 1.03452196e+00 1.03404701e+00 1.01325677e+00 7.83392123e-01 9.40463335e-02 4.65800993e-01 9.51203380e-01 1.03033255e+00 1.03469229e+00 1.03291119e+00 9.91086764e-01 6.42307567e-01 8.00856626e-16
8.00856626e-16 6.67531302e-01 9.96096656e-01 1.02841224e+00 1.02945757e+00 1.02672168e+00 9.61854858e-01 4.88896312e-01 1.00373599e-01 8.05991438e-01 1.01405160e+00 1.02910074e+00 1.02936755e+00 1.02276884e+00 9.01856011e-01 2.87407118e-01 2.87407118e-01 9.01856011e-01 1.02276884e+00 1.02936755e+00 1.02910074e+00 1.01405160e+00 8.05991438e-01 1.00373599e-01 4.88896312e-01 9.61854858e-01 1.02672168e+00 1.02945757e+00 1.02841224e+00 9.96096656e-01 6.67531302e-01 -0.00000000e+00
1.60171325e-16 6.91927876e-01 9.99917748e-01 1.02458191e+00 1.02517934e+00 1.02349937e+00 9.70847386e-01 5.11863926e-01 1.06899448e-01 8.27100952e-01 1.01425637e+00 1.02498813e+00 1.02513343e+00 1.02076041e+00 9.17088037e-01 3.03670289e-01 3.03670289e-01 9.17088037e-01 1.02076041e+00 1.02513343e+00 1.02498813e+00 1.01425637e+00 8.27100952e-01 1.06899448e-01 5.11863926e-01 9.70847386e-01 1.02349937e+00 1.02517934e+00 1.02458191e+00 9.99917748e-01 6.91927876e-01 1.60171325e-16
3.20342650e-16 7.15383030e-01 1.00273055e+00 1.02132864e+00 1.02166150e+00 1.02065146e+00 9.78326165e-01 5.34590744e-01 1.13603774e-01 8.46671167e-01 1.01402126e+00 1.02156204e+00 1.02163885e+00 1.01879166e+00 9.30576530e-01 3.20118338e-01 3.20118338e-01 9.30576530e-01 1.01879166e+00 1.02163885e+00 1.02156204e+00 1.01402126e+00 8.46671167e-01 1.13603774e-01 5.34590744e-01 9.78326165e-01 1.02065146e+00 1.02166150e+00 1.02132864e+00 1.00273055e+00 7.15383030e-01 -3.20342650e-16
-0.00000000e+00 7.37816771e-01 1.00471095e+00 1.01856821e+00 1.01874922e+00 1.01815435e+00 9.84452690e-01 5.56987031e-01 1.20470687e-01 8.64691846e-01 1.01347728e+00 1.01869888e+00 1.01873836e+00 1.01691678e+00 9.42409130e-01 3.36696797e-01 3.36696797e-01 9.42409130e-01 1.01691678e+00 1.01873836e+00 1.01869888e+00 1.01347728e+00 8.64691846e-01 1.20470687e-01 5.56987031e-01 9.84452690e-01 1.01815435e+00 1.01874922e+00 1.01856821e+00 1.00471095e+00 7.37816771e-01 -3.20342650e-16
-0.00000000e+00 7.59172726e-01 1.00602170e+00 1.01622516e+00 1.01632136e+00 1.01597799e+00 9.89393139e-01 5.78977876e-01 1.27486404e-01 8.81180123e-01 1.01273294e+00 1.01629649e+00 1.01631627e+00 1.01517088e+00 9.52694292e-01 3.53358253e-01 3.53358253e-01 9.52694292e-01 1.01517088e+00 1.01631627e+00 1.01629649e+00 1.01273294e+00 8.81180123e-01 1.27486404e-01 5.78977876e-01 9.89393139e-01 1.01597799e+00 1.01632136e+00 1.01622516e+00 1.00602170e+00 7.59172726e-01 -3.20342650e-16
3.20342650e-16 7.79404656e-01 1.00680735e+00 1.01423333e+00 1.01428339e+00 1.01408903e+00 9.93309340e-01 6.00491150e-01 1.34636009e-01 8.96167743e-01 1.01187407e+00 1.01427133e+00 1.01428104e+00 1.01357306e+00 9.61550021e-01 3.70054246e-01 3.70054246e-01 9.61550021e-01 1.01357306e+00 1.01428104e+00 1.01427133e+00 1.01187407e+00 8.96167743e-01 1.34636009e-01 6.00491150e-01 9.93309340e-01 1.01408903e+00 1.01428339e+00 1.01423333e+00 1.00680735e+00 7.79404656e-01 4.80513976e-16
8.00856626e-16 7.98449074e-01 1.00718965e+00 1.01253580e+00 1.01256140e+00 1.01245340e+00 9.96347161e-01 6.21433745e-01 1.41898207e-01 9.09676468e-01 1.01096480e+00 1.01255560e+00 1.01256030e+00 1.01212987e+00 9.69085292e-01 3.86720727e-01 3.86720727e-01 9.69085292e-01 1.01212987e+00 1.01256030e+00 1.01255560e+00 1.01096480e+00 9.09676468e-01 1.41898207e-01 6.21433745e-01 9.96347161e-01 1.01245340e+00 1.01256140e+00 1.01253580e+00 1.00718965e+00 7.98449074e-01 3.20342650e-16
1.44154193e-15 8.16190612e-01 1.00725776e+00 1.01108440e+00 1.01109735e+00 1.01103813e+00 9.98613974e-01 6.41668249e-01 1.49243760e-01 9.21679607e-01 1.01004684e+00 1.01109454e+00 1.01109681e+00 1.01083786e+00 9.75366330e-01 4.03268424e-01 4.03268424e-01 9.75366330e-01 1.01083786e+00 1.01109681e+00 1.01109454e+00 1.01004684e+00 9.21679607e-01 1.49243760e-01 6.41668249e-01 9.98613974e-01 1.01103813e+00 1.01109735e+00 1.01108440e+00 1.00725776e+00 8.16190612e-01 -0.00000000e+00
3.20342650e-16 8.32482401e-01 1.00704756e+00 1.00983861e+00 1.00984535e+00 1.00981162e+00 1.00014823e+00 6.61046562e-01 1.56649501e-01 9.32096848e-01 1.00913143e+00 1.00984394e+00 1.00984507e+00 1.00968272e+00 9.80390580e-01 4.19612103e-01 4.19612103e-01 9.80390580e-01 1.00968272e+00 1.00984507e+00 1.00984394e+00 1.00913143e+00 9.32096848e-01 1.56649501e-01 6.61046562e-01 1.00014823e+00 1.00981162e+00 1.00984535e+00 1.00983861e+00 1.00704756e+00 8.32482401e-01 -0.00000000e+00
