# theta
0.00000000e+00
3.15737955e-02
6.31475910e-02
9.47213865e-02
1.26295182e-01
1.57868978e-01
1.89442773e-01
2.21016569e-01
2.52590364e-01
2.84164160e-01
3.15737955e-01
3.47311751e-01
3.78885546e-01
4.10459342e-01
4.42033137e-01
4.73606933e-01
5.05180728e-01
5.36754524e-01
5.68328319e-01
5.99902115e-01
6.31475910e-01
6.63049706e-01
6.94623501e-01
7.26197297e-01
7.57771092e-01
7.89344888e-01
8.20918683e-01
8.52492479e-01
8.84066274e-01
9.15640070e-01
9.47213865e-01
9.78787661e-01
1.01036146e+00
1.04193525e+00
1.07350905e+00
1.10508284e+00
1.13665664e+00
1.16823043e+00
1.19980423e+00
1.23137803e+00
1.26295182e+00
1.29452562e+00
1.32609941e+00
1.35767321e+00
1.38924700e+00
1.42082080e+00
1.45239459e+00
1.48396839e+00
1.51554218e+00
1.54711598e+00
1.57868978e+00
1.61026357e+00
1.64183737e+00
1.67341116e+00
1.70498496e+00
1.73655875e+00
1.76813255e+00
1.79970634e+00
1.83128014e+00
1.86285394e+00
1.89442773e+00
1.92600153e+00
1.95757532e+00
1.98914912e+00
2.02072291e+00
2.05229671e+00
2.08387050e+00
2.11544430e+00
2.14701809e+00
2.17859189e+00
2.21016569e+00
2.24173948e+00
2.27331328e+00
2.30488707e+00
2.33646087e+00
2.36803466e+00
2.39960846e+00
2.43118225e+00
2.46275605e+00
2.49432985e+00
2.52590364e+00
2.55747744e+00
2.58905123e+00
2.62062503e+00
2.65219882e+00
2.68377262e+00
2.71534641e+00
2.74692021e+00
2.77849401e+00
2.81006780e+00
2.84164160e+00
2.87321539e+00
2.90478919e+00
2.93636298e+00
2.96793678e+00
2.99951057e+00
3.03108437e+00
3.06265816e+00
3.09423196e+00
3.12580576e+00
3.15737955e+00
3.18895335e+00
3.22052714e+00
3.25210094e+00
3.28367473e+00
3.31524853e+00
3.34682232e+00
3.37839612e+00
3.40996992e+00
3.44154371e+00
3.47311751e+00
3.50469130e+00
3.53626510e+00
3.56783889e+00
3.59941269e+00
3.63098648e+00
3.66256028e+00
3.69413408e+00
3.72570787e+00
3.75728167e+00
3.78885546e+00
3.82042926e+00
3.85200305e+00
3.88357685e+00
3.91515064e+00
3.94672444e+00
3.97829823e+00
4.00987203e+00
4.04144583e+00
4.07301962e+00
4.10459342e+00
4.13616721e+00
4.16774101e+00
4.19931480e+00
4.23088860e+00
4.26246239e+00
4.29403619e+00
4.32560999e+00
4.35718378e+00
4.38875758e+00
4.42033137e+00
4.45190517e+00
4.48347896e+00
4.51505276e+00
4.54662655e+00
4.57820035e+00
4.60977414e+00
4.64134794e+00
4.67292174e+00
4.70449553e+00
4.73606933e+00
4.76764312e+00
4.79921692e+00
4.83079071e+00
4.86236451e+00
4.89393830e+00
4.92551210e+00
4.95708590e+00
4.98865969e+00
5.02023349e+00
5.05180728e+00
5.08338108e+00
5.11495487e+00
5.14652867e+00
5.17810246e+00
5.20967626e+00
5.24125006e+00
5.27282385e+00
5.30439765e+00
5.33597144e+00
5.36754524e+00
5.39911903e+00
5.43069283e+00
5.46226662e+00
5.49384042e+00
5.52541421e+00
5.55698801e+00
5.58856181e+00
5.62013560e+00
5.65170940e+00
5.68328319e+00
5.71485699e+00
5.74643078e+00
5.77800458e+00
5.80957837e+00
5.84115217e+00
5.87272597e+00
5.90429976e+00
5.93587356e+00
5.96744735e+00
5.99902115e+00
6.03059494e+00
6.06216874e+00
6.09374253e+00
6.12531633e+00
6.15689013e+00
6.18846392e+00
6.22003772e+00
6.25161151e+00
6.28318531e+00
