# Lambda
5.00000000e-02
7.98994975e-02
1.09798995e-01
1.39698492e-01
1.69597990e-01
1.99497487e-01
2.29396985e-01
2.59296482e-01
2.89195980e-01
3.19095477e-01
3.48994975e-01
3.78894472e-01
4.08793970e-01
4.38693467e-01
4.68592965e-01
4.98492462e-01
5.28391960e-01
5.58291457e-01
5.88190955e-01
6.18090452e-01
6.47989950e-01
6.77889447e-01
7.07788945e-01
7.37688442e-01
7.67587940e-01
7.97487437e-01
8.27386935e-01
8.57286432e-01
8.87185930e-01
9.17085427e-01
9.46984925e-01
9.76884422e-01
1.00678392e+00
1.03668342e+00
1.06658291e+00
1.09648241e+00
1.12638191e+00
1.15628141e+00
1.18618090e+00
1.21608040e+00
1.24597990e+00
1.27587940e+00
1.30577889e+00
1.33567839e+00
1.36557789e+00
1.39547739e+00
1.42537688e+00
1.45527638e+00
1.48517588e+00
1.51507538e+00
1.54497487e+00
1.57487437e+00
1.60477387e+00
1.63467337e+00
1.66457286e+00
1.69447236e+00
1.72437186e+00
1.75427136e+00
1.78417085e+00
1.81407035e+00
1.84396985e+00
1.87386935e+00
1.90376884e+00
1.93366834e+00
1.96356784e+00
1.99346734e+00
2.02336683e+00
2.05326633e+00
2.08316583e+00
2.11306533e+00
2.14296482e+00
2.17286432e+00
2.20276382e+00
2.23266332e+00
2.26256281e+00
2.29246231e+00
2.32236181e+00
2.35226131e+00
2.38216080e+00
2.41206030e+00
2.44195980e+00
2.47185930e+00
2.50175879e+00
2.53165829e+00
2.56155779e+00
2.59145729e+00
2.62135678e+00
2.65125628e+00
2.68115578e+00
2.71105528e+00
2.74095477e+00
2.77085427e+00
2.80075377e+00
2.83065327e+00
2.86055276e+00
2.89045226e+00
2.92035176e+00
2.95025126e+00
2.98015075e+00
3.01005025e+00
3.03994975e+00
3.06984925e+00
3.09974874e+00
3.12964824e+00
3.15954774e+00
3.18944724e+00
3.21934673e+00
3.24924623e+00
3.27914573e+00
3.30904523e+00
3.33894472e+00
3.36884422e+00
3.39874372e+00
3.42864322e+00
3.45854271e+00
3.48844221e+00
3.51834171e+00
3.54824121e+00
3.57814070e+00
3.60804020e+00
3.63793970e+00
3.66783920e+00
3.69773869e+00
3.72763819e+00
3.75753769e+00
3.78743719e+00
3.81733668e+00
3.84723618e+00
3.87713568e+00
3.90703518e+00
3.93693467e+00
3.96683417e+00
3.99673367e+00
4.02663317e+00
4.05653266e+00
4.08643216e+00
4.11633166e+00
4.14623116e+00
4.17613065e+00
4.20603015e+00
4.23592965e+00
4.26582915e+00
4.29572864e+00
4.32562814e+00
4.35552764e+00
4.38542714e+00
4.41532663e+00
4.44522613e+00
4.47512563e+00
4.50502513e+00
4.53492462e+00
4.56482412e+00
4.59472362e+00
4.62462312e+00
4.65452261e+00
4.68442211e+00
4.71432161e+00
4.74422111e+00
4.77412060e+00
4.80402010e+00
4.83391960e+00
4.86381910e+00
4.89371859e+00
4.92361809e+00
4.95351759e+00
4.98341709e+00
5.01331658e+00
5.04321608e+00
5.07311558e+00
5.10301508e+00
5.13291457e+00
5.16281407e+00
5.19271357e+00
5.22261307e+00
5.25251256e+00
5.28241206e+00
5.31231156e+00
5.34221106e+00
5.37211055e+00
5.40201005e+00
5.43190955e+00
5.46180905e+00
5.49170854e+00
5.52160804e+00
5.55150754e+00
5.58140704e+00
5.61130653e+00
5.64120603e+00
5.67110553e+00
5.70100503e+00
5.73090452e+00
5.76080402e+00
5.79070352e+00
5.82060302e+00
5.85050251e+00
5.88040201e+00
5.91030151e+00
5.94020101e+00
5.97010050e+00
6.00000000e+00
